 t [day]	Mdot [M_\odot yr^-1]
14.138829224369575	0.034592419949377014
15.754547663125663	0.12195501338382157
17.232284637414978	0.23128628589557465
18.603197252117113	0.3389207388935342
20.00971798668164	0.4606201076627678
21.531965110798943	0.6018065712203957
23.043084697459253	0.7473726962477121
24.589812403981952	0.8993164610050733
25.936244436278695	1.031291941319321
27.311608065963625	1.1600303881316025
28.765977211593245	1.2784052735413338
30.310479410624552	1.3679039761444292
31.781539862439665	1.4059997821477435
33.1535652308875	1.3976630166320705
34.53226712180953	1.3528709552716547
35.92209655018856	1.2817605788540714
37.372014680835385	1.192253005723864
38.827496580210706	1.0970790428053896
40.248483113469334	1.0057685194684947
41.64387631057686	0.9212938490473176
43.06375009008978	0.8423461561303907
44.501427929533904	0.7701540043335222
45.979164903823225	0.7039005285474844
47.31669490615437	0.6504112385685139
48.72877940944739	0.5999988345931074
50.08856448669252	0.5567180676903067
51.487295945037154	0.5169678390156947
52.92274827698988	0.48059779624838217
54.3648771314168	0.448004659863649
55.69795611876514	0.42095418261342055
57.08222177841567	0.3956074545709954
58.58666484260178	0.3708337644199733
60.0198916670631	0.34958031900787134
61.44421646155883	0.3304423033012883
62.804001538803966	0.3137945320731521
64.29509155804168	0.29714368119676365
65.7127398300632	0.28268690828831927
67.11926056462774	0.26951336550223165
68.52578129919226	0.2573749692487096
69.91449797382559	0.2462956796579881
71.34549929079552	0.2357199935320363
72.72976495044604	0.22621784636033607
74.19637438727837	0.21685143656960054
75.72752354136126	0.20776371977541713
77.19635848568498	0.1996418331921325
78.73640966973348	0.1916901206762736
80.17408750917761	0.18473826896809248
81.56280418381093	0.17841581042695392
83.16516957761863	0.1715570757510954
84.98563470558348	0.16427876260516122
86.37435138021681	0.1590605240476524
87.85208835450612	0.15379764044764838
89.46335577827942	0.14837243251167104
91.13693741181189	0.1430547687583187
92.44553581675483	0.1391045676312191
94.52861082870483	0.13316157324347128
95.65026660437022	0.13012443539853769
97.10129748876273	0.12635242060988894
98.38318980380889	0.12315879973471985
100.08347752723816	0.11911047733035307
102.27337689877534	0.11418854337457478
103.9825666521702	0.11055790665186442
105.76297264528985	0.10695761934983364
108.18432479593258	0.10233594588770123
109.6798658301531	0.09962819054570146
111.38905558354797	0.09666139127760241
112.95581285749327	0.09405469209684811
115.37716500813599	0.09022442515944584
116.16054364510865	0.08903393762197165
119.86378811079753	0.08370409431220191
120.5047342683206	0.08282875739167114
123.0685188984129	0.07945633375172488
125.34743856960607	0.0766220031361189
127.62635824079923	0.07393041898939791
128.9082505558454	0.07247549574321138
131.32960270648812	0.06983666008958912
133.32365741878212	0.06776505625292507
134.74798221327785	0.06633841969667828
137.31176684337015	0.06387582456562627
140.30284891181117	0.06116330834212437
141.58474122685732	0.06005051429830081
145.00312073364705	0.05721922830599497
145.28798569254621	0.056991844233910426
148.70636519933595	0.054359782835370456
149.56096007603338	0.05372855859050113
151.98231222667613	0.051995092582638056
153.1217720622727	0.05120646655957138
154.11879941841968	0.05053013285497657
158.10690884300774	0.04794662895167526
159.53123363750348	0.04706882695172905
161.81015330869664	0.04571056600995387
163.23447810319234	0.044889410061921854
165.6558302538351	0.043540188161847806
167.93474992502823	0.04232165624149086
168.0771824044778	0.04224709092590128
172.0652918290658	0.04023180928733704
174.34421150025898	0.03914022843855941
176.62313117145217	0.03808964923453268
178.9020508426453	0.03707810794857315
181.18097051383847	0.036103756066161875
182.32043034943504	0.03562997798070557
185.73880985622478	0.034259754463424635
188.01772952741794	0.033386914017071
190.29664919861108	0.03254486842458242
192.57556886980427	0.03173223606865937
194.85448854099744	0.03094771079771522
197.13340821219057	0.03019005702204879
199.41232788338374	0.029458105184817854
200.5517877189803	0.029101419025383785
203.97016722577004	0.028066934447544902
206.2490868969632	0.02740567043812344
208.5280065681564	0.026766011224287137
210.80692623934954	0.026147060435112522
213.0858459105427	0.025547966775240266
214.22530574613927	0.02525561200228039
215.64963054063503	0.02489671628345712
219.63773996522303	0.02392902861856731
222.2015245953153	0.02333457043568428
224.4804442665085	0.02282339334205104
226.75936393770166	0.022327774540306017
229.0382836088948	0.021847112748636953
231.31720328008797	0.021380834793573902
233.59612295128113	0.02092839406638029
235.87504262247427	0.020489269077264723
238.15396229366746	0.02006296210033044
240.43288196486063	0.01964899790276753
242.71180163605376	0.01924692255231621
244.99072130724693	0.01885630229751547
247.2696409784401	0.018476722515677623
249.54856064963323	0.018107786723932543
250.6880204852298	0.017927191153502442
254.1063999920196	0.017400346352055097
256.3853196632127	0.017061131404021598
258.66423933440586	0.016731138109575903
260.94315900559906	0.016410047775054767
263.2220786767922	0.016097555018362755
265.50099834798533	0.015793367117858493
267.7799180191785	0.015497203397762782
270.0588376903717	0.015208794647779534
272.33775736156485	0.014927882574769945
274.616677032758	0.014654219284481254
275.7561368683546	0.014520031188193828
279.1745163751443	0.014127696555487462
281.45343604633746	0.01387438904270948
283.7323557175306	0.013627433310316428
288.290195059917	0.013151774030183897
295.12695407349645	0.012481101837494358
301.9637130870759	0.011857679941806329
309.939931936252	0.011184513666638696
319.0556106210246	0.010479449308101475
328.17128930579725	0.009835613134472827
337.2869679905699	0.009246343195680936
347.54210651093905	0.008641446488740222
358.9367048669049	0.008033079948911826
370.3313032228707	0.0074837206053671905
382.86536141443304	0.0069390642725108646
396.53887944159203	0.006406982140702993
410.21239746875096	0.005931119600215377
425.02537533150655	0.005470463687290651
442.11727286545516	0.004999856763663231
460.3486302350005	0.0045591057901331064
479.7194474401423	0.004149247025270191
501.36918431647723	0.003750871522638373
525.2978408640055	0.0033714320755985003
551.5054170827268	0.0030160695537597803
579.991912966944	0.002687887284493497
611.896788357951	0.0023781524782075037
648.3595030970415	0.002083599107560751
690.519517014115	0.0018046402689343693