 t [day]	Mdot [M_\odot yr^-1]
3.176405425247629	0.027992948273737356
5.028027657978124	0.17834715390157443
6.759472486173044	0.4135503464950373
8.757978213449858	0.8504592197921416
11.299507768628166	1.5453613848560772
12.492379784018334	1.9715124523674457
14.860319754867476	2.9689184933794213
16.783158227436704	3.81292208767293
18.10956069231085	4.363547198227911
19.86326059553371	5.02770419443434
21.93298256253531	5.699864813338173
24.029410619433705	6.186041513947987
25.934445032071732	6.339207942127409
27.643634785466602	6.199099559693824
28.780869113571782	5.985367945430764
30.425519149716063	5.570846253987539
32.087973245791545	5.096147939641227
33.837222134031606	4.595222497175799
35.37727331808011	4.178899029460448
37.017472339241586	3.7722217795887643
38.71553455517946	3.394291570352303
40.53599968314431	3.0363950688623884
43.836427292889866	2.4984808077727885
46.14205305397982	2.194183438357676
47.023354020574054	2.0909657199471
48.50109099486337	1.9321989529257622
50.82006980090171	1.714822544868237
52.73400624350535	1.5603547188182867
54.42094092198622	1.4400522814329835
56.13013067538109	1.3312348433811434
57.83486941265371	1.2341045801250143
59.49954901508113	1.1488450540793231
61.235444858372794	1.0687571520852979
62.92237953685367	0.9984906073190837
64.73839364983571	0.9301444243920656
66.35856310357461	0.8747938901461614
68.07665488693507	0.8212135251823866
70.30661339331743	0.7585604172329338
72.61669016939018	0.7007721094682199
73.97870075412673	0.6696740624328623
76.46236711452865	0.617938848155739
77.45049244071006	0.598969347292752
79.46235121293527	0.5628828064423794
80.99350036701817	0.5375015315368928
82.85847564481101	0.5087746563301827
84.88813847696743	0.4799751335965379
86.54836706555149	0.45814039823788366
88.43559741825834	0.435022587604735
90.00235469220362	0.41708796607558957
91.95189925466966	0.3962232978840145
93.99046411679166	0.3759746914883149
95.92220461932648	0.35813035826835815
97.66700249258375	0.3430381744620033
99.58093893518738	0.3275086600664582
101.37024695827263	0.3138834918419257
105.26933608320468	0.2868652069883763
105.76784976127819	0.28365216885345496
107.744100413641	0.2714063404615074
109.94290181514377	0.2586466230569001
112.01707479712817	0.2473772487100501
114.35830867808052	0.23547619574858197
116.05859640150979	0.22733603611311137
118.03484705387261	0.2183669025920803
119.69062462747387	0.2112332222229687
121.73809151956148	0.2028598454488542
123.51849751268112	0.19595526763815463
125.60157252463114	0.18829135943914674
127.47099881740677	0.18176925017809972
129.05556015128326	0.1764881456665015
130.78255396460932	0.1709758093833229
132.5273518378666	0.16565031444430287
134.14752129160547	0.16091249079329817
135.83890698506914	0.15616792171653834
137.6905292179136	0.15119711899893049
139.50654333089565	0.14653601582983275
141.89228736167598	0.14071506044840545
144.2958354523875	0.13517512820361557
146.2898901646815	0.13080972385796893
149.60144531188408	0.12398807543164274
151.38185130500372	0.12052652897606084
151.88036498307724	0.11958174049779456
153.1622572981234	0.11719974217489071
155.12070389055503	0.1136879491214395
157.22158296243623	0.11008354827517647
158.89516459596868	0.1073265631903464
160.74678682881316	0.10438845154683589
162.5628009417952	0.10161587989452997
164.73489625340116	0.09843423973147856
166.5865184862456	0.09583191800543912
168.04645140060373	0.09384804322768492
169.86246551358576	0.09146027565266229
171.57165526698063	0.08929056999375291
173.3876693799627	0.0870640473159346
175.84462965046782	0.0841745651380039
177.09091384565158	0.08276047078075041
178.97814419835842	0.08068224258582274
181.0078070305148	0.0785285186684553
182.71699678390968	0.07677733992090154
184.46179465716693	0.07504607133296132
186.1709844105618	0.07340316098318392
187.98699852354386	0.0717127389121532
190.01666135570025	0.0698878659380854
192.22436478716864	0.06797661133347543
193.86233830083873	0.06660602987512441
195.71396053368318	0.06510329399933575
197.42315028707804	0.06375838711822551
199.7020699582712	0.062025576609394076
202.05220586918915	0.06030762919321243
203.8326118623088	0.059050680828095066
205.61301785542844	0.05783051741221628
207.50024820813528	0.056575776034524766
209.4230866807045	0.05533666568626397
212.1649119101088	0.05363533232457873
215.1559939785498	0.05186268382137198
217.7909948483669	0.0503691145205172
219.71383332093615	0.0493174358518572
221.77910427295492	0.048222219291911624
223.63072650579934	0.04726941117770659
225.55356497836857	0.046307990102215354
228.25978208791045	0.04500127003662425
230.18262056047968	0.0441044086808238
231.749377834425	0.04339228593354787
233.67221630699422	0.04254043719742379
236.23600093708654	0.04144114474947368
238.44370436855493	0.04052659720877322
240.72262403974807	0.039612344720535854
241.57721891644553	0.039277052112501085
244.1410035465378	0.038295049211251986
245.13803090268482	0.03792257637806754
246.56235569718058	0.03739935031001458
248.98370784782327	0.036533156182960526
250.69289760121814	0.0359388119630851
252.25965487516345	0.03540600914626743
254.11127710800793	0.0347907105821343
258.38425149149504	0.033427659966931436
258.95398140929336	0.03325168908861587
261.23290108048656	0.03256083974913497
263.22695579278053	0.03197299397090988
265.3634429845241	0.03135979285745662
266.64533529957026	0.030999886455662106
268.6393900118643	0.030451627228158196
272.48506695700274	0.029432613113391973
274.33668918984716	0.028959250524347214
274.7639866281959	0.028851555465398474
277.1853387788386	0.028251938013576866
279.6066909294814	0.027669934000715952
281.74317812122496	0.027170498376989944
284.0220977924181	0.026651821496249613
285.44642258691385	0.02633479502110702
287.1556123403087	0.02596141943207276
288.8648020937036	0.025595552426283346
292.5680465593925	0.024827682739420123
292.99534399774114	0.024741206027047078
295.27426366893434	0.0242871814724417
298.26534573737536	0.023709124102844797
299.9745354907702	0.023387592967072032
302.25345516196336	0.022968489919498104
303.8202124359087	0.022686553617095505
306.09913210710187	0.022285214081002716
308.8053492166437	0.02182167372007141
311.369133846736	0.021395136363268806
313.6480535179292	0.021025926060183976
315.92697318912235	0.02066575668245426
318.20589286031554	0.020314343624636588
321.33940740820606	0.019844947115604222
322.7637322027018	0.01963670202601276
325.042651873895	0.019309956810743635
326.4669766683907	0.019109677509977732
328.1761664217856	0.018873242625402603
330.4550860929788	0.0185644557423821
331.8794108874745	0.018375123107250486
333.58860064086934	0.018151550923632312
336.15238527096164	0.017823427046736392
338.71616990105395	0.017503727608001073
339.00103485995305	0.017468713279650827
341.27995453114625	0.01719217438233325
345.8377938735326	0.016657592209201485
353.5291477638095	0.01580805828746196
362.359961489683	0.01490721323821402
370.90591025665736	0.014103867690800595
380.4488863797787	0.013278201973620247
392.1283496946436	0.012358962580737718
403.38051557115983	0.011557324481090854
415.0599788860248	0.01080190912119573
427.59403707758713	0.010067692686063013
441.2675551047461	0.00934584684050551
456.9351278441991	0.00860684135120447
472.1754031453032	0.007966013617696737
489.26730067925195	0.00732596274148638
508.21082044604515	0.006699651767179184
527.581637651187	0.00613594817842424
549.231374527522	0.005583406442885539
572.0205712337562	0.0050760568715321665
597.0886876111837	0.004591350339346188
625.5751835010982	0.004117657134635368
656.3405990622058	0.0036814036057420214
691.6638539656999	0.003258325247055539
733.8238678827734	0.0028395992364675885
780.5417211422331	0.0024607272895458506
834.0963334152723	0.002110200884490294