 t [day]	Mdot [M_\odot yr^-1]
5.725647430076206	0.01313381179368769
6.159621390870635	0.01855165889675275
6.373270110044993	0.021572794248331247
6.736027831143123	0.029634175174255196
7.399229063580195	0.07635068731554284
7.394778048597396	0.07583116233213383
8.026822176154873	0.1696383084740714
8.547590929142373	0.2573690380631548
8.850259947972715	0.31031066326720286
10.4704294017116	0.73148024766557
11.823537956482541	1.3818527862075654
11.81463592651694	1.3766017812282787
12.250835394831256	1.6482090146933164
12.602465578472389	1.8874869492395068
13.274568840875059	2.3900547746814795
13.982280223140123	2.972315347363271
14.340586929255453	3.2825486626893468
14.55646115592121	3.472930960814803
14.787913935026767	3.679008665772981
16.281229461755878	4.98571416975561
16.40808338876565	5.088398521934292
17.067946359965624	5.578417150794085
17.472988723400345	5.832333081080723
17.84909948944687	6.028616107488298
18.12506241838042	6.145776489366705
18.37765751865427	6.231900986657549
18.658071462570614	6.303220283738126
18.960740481400958	6.351379515476759
19.31570892627919	6.370568039039895
19.470381696931458	6.36683943207282
19.754133902084902	6.342047431874176
20.170303802976623	6.2672724921739995
20.39174179837088	6.2110146353496205
20.548640076514552	6.16506737066694
20.831279527922295	6.07106335999308
21.092776658161746	5.973040060917822
21.352048280909795	5.8672805932143115
21.671408605925635	5.7278589098089725
21.927341967436583	5.610709745794383
22.216657941318527	5.474338696958387
22.45478724289828	5.360137364097994
22.736313940560326	5.2240739310131366
22.948849905988983	5.12128540494013
23.17918993134884	5.0103799769554715
23.476295181450684	4.868815855870872
23.980372628252688	4.634510038451049
24.129481630176457	4.566964924436023
24.427699634024002	4.434634332815699
24.720353869143043	4.308586273888255
24.970723461925495	4.203896102723696
25.189935949828353	4.114676931473985
25.436967281373704	4.01690058627238
25.726283255255648	3.9061205264380088
26.03340328906879	3.792897737301618
26.376131442744324	3.6717744119449027
26.758918731265048	3.542830156495813
27.037107167689996	3.4531749602402155
27.407654165008022	3.33884285956767
27.77486290108895	3.2310262755686505
28.133169607204284	3.130822919732601
28.46477022342282	3.0422634583133514
28.705125032493974	2.980464728921794
28.996666513867318	2.908083822457007
29.364988003693945	2.820493157428088
29.940281690220736	2.6917336426243836
30.526702914204524	2.569782006411347
31.123138921899606	2.4544966014297955
31.60496129378761	2.367250170005571
32.73218083818149	2.1814094905995445
33.925052853571664	2.0088527891855312
34.30450188085529	1.9584847612086564
34.584915824771635	1.9225401600540084
34.810804835148694	1.894340927997394
35.2959654682738	1.8359496547614635
35.7967046538387	1.7786216448826446
36.3174734068262	1.7219511107096854
36.35308152668859	1.718180829722162
36.68356938916143	1.6838015243536721
37.00181696043157	1.6517109185498902
37.30337322551621	1.622184425252633
37.57488513946696	1.5963048205066488
37.873103143314495	1.5686209170592964
38.15129157973944	1.5434707689919374
38.476215673483786	1.5148884276514498
38.68763888516674	1.496733655333361
38.99698442647128	1.4707782379838161
39.306329967775824	1.4455205833293863
39.54000825437278	1.4268877464076168
39.78481407842673	1.407766949955113
40.04742396241188	1.3876964379217689
40.31893587636262	1.3674106856929535
40.72397823979735	1.3379952026634938
40.9821371087997	1.3197569562989278
41.409434547148415	1.2904060466193197
41.511807891752795	1.2835243130133527
41.81447691058314	1.2635074396832726
42.188362169138266	1.2394402500037836
42.450972053123415	1.2229567270647947
42.74919005697095	1.204644922131022
43.0296040008873	1.187809041587374
43.30334142232945	1.1717209017139836
43.63716754603938	1.1525504881196345
43.910904967481535	1.1371877869007905
44.037758894491304	1.1301747843901737
44.29369225600226	1.1162260187703958
44.603037797306804	1.0997152065077713
45.18389525256208	1.0697051098012593
45.223954387407275	1.0676816846097592
45.46208368898703	1.05577315612526
45.733595602937775	1.042440504875889
46.03403911427672	1.027983689983055
46.38566929791785	1.0114476631599865
46.748427019015985	0.9948079932482229
47.155694889942104	0.9766164064154268
47.46726593873804	0.9630372220669391
47.7053952403178	0.9528504149395596
48.10376108127832	0.9361691462422823
48.646784909179814	0.9141306135767204
48.86043362835417	0.9056734099663658
49.17200467715011	0.8935493745440509
49.54588993570525	0.8793197051111055
49.92645171673457	0.8651823141656925
50.17570855577132	0.8561065836704655
50.43164191728227	0.8469352851478635
50.75434050353521	0.8355794683673877
51.15048083700433	0.8219476371705503
51.44869884085187	0.8119033091668427
51.916055414045786	0.7965264188513435
52.3188722699891	0.7836183252903595
52.61263925885385	0.7743998644652379
53.04438771218537	0.7611411592157149
53.43385152318029	0.7494678813162116
53.78548170682142	0.7391550461264396
54.13933739795395	0.7289876301312664
54.53102671644028	0.7179725328130518
54.87152936262441	0.7085955488677893
55.33888593581832	0.6960167589598736
55.728349746813244	0.6857843144677254
56.13339211024796	0.6753759040594604
56.61410172839027	0.663322002400207
57.30400905015442	0.6465675705280318
57.272851944705096	0.6473107548115619
57.704600398036604	0.6371228258787548
58.22536915102411	0.6251441541412447
58.52358715487165	0.6184325904721096
58.80845211377079	0.6121195744168725
59.14672925246353	0.6047445784048691
59.487231898647664	0.5974515077881684
59.776547872529605	0.591355309714986
60.02803021905775	0.5861298103106383
60.3128951779569	0.5802916694485584
60.579956076924844	0.5748951293204988
60.88262509575518	0.5688670590899987
61.3277265940351	0.5601682400484204
61.755024032383815	0.5519984087292792
62.18677248571534	0.5439183992570078
62.62297195402965	0.5359285759850881
62.743149358565226	0.5337572741281387
62.974602137670786	0.5296113669532194
63.22385897670754	0.5251986490667859
63.50872393560668	0.5202206146304057
63.998335583714585	0.5118232386464383
64.20753328790614	0.5082951397609353
64.49684926178809	0.503473684368749
64.9464017750508	0.49611241450217575
64.95085279003361	0.49604031233616763
65.22681571896715	0.4915994549593425
65.58289691759109	0.4859539108180056
66.05470450576779	0.4786170435313037
66.38407961449492	0.47358971375254844
66.63333645353168	0.46983586082107914
66.93155445737922	0.46540091741974227
67.26092956610636	0.46057260816366863
67.5947556898163	0.4557525608501916
67.84846354383583	0.4521379101605192
68.1199754577866	0.44831528474969484
68.61848913586009	0.4414171858242247
68.80543176513766	0.43886986284366464
69.06359063414	0.43538686455412123
69.37071066795315	0.4312950046649055
69.67783070176628	0.4272583785588092
69.89593043592345	0.42442478802705974
70.22530554465058	0.42019658024395945
70.54577862341212	0.4161406742430964
70.98197809172643	0.4107101985895302
71.45823669488594	0.4048968255781075
71.98790747783904	0.3985696559891367
72.1703990921338	0.39642266107590124
72.57544145556852	0.39171647016109606
72.85140438450208	0.3885559732192338
73.13626934340122	0.3853318654662481
73.67039114133712	0.37938954364632166
74.14219872951382	0.37424950001770574
74.44041673336136	0.3710521040719664
74.67632052744972	0.36855056627618293
74.96563650133166	0.3655156083694435
75.2950116100588	0.3621039598838225
76.04723314215185	0.35448209626888516
76.90182801884929	0.346099528736424
77.53832316138957	0.3400400150542357
78.12585713911905	0.33458088949995063
78.14811221403305	0.3343765839301681
78.58431168234736	0.3304080786782682
79.19410073499084	0.3249726509350755
79.56798599354596	0.3217032282697457
80.02198952179148	0.3177962952665453
80.4937971099682	0.31380786870762817
80.88548642845453	0.3105510415258888
80.9344475932653	0.31014735060720955
81.26827371697524	0.3074148654294888
81.53533461594319	0.3052536661538564
81.91367088948111	0.3022290806543807
82.25639904315665	0.29952611838459803
82.66589242157417	0.2963418230632928
83.16440609964768	0.2925303972945753
83.60060556796199	0.28925277935142224
84.18813954569148	0.2849206233010365
84.52641668438422	0.28246842746748535
84.58427987916059	0.2820520043570512
84.91810600287053	0.2796666561569333
85.29644227640847	0.276998055981995
85.6569744900152	0.27448885890911207
85.92403538898314	0.27265113991720813
86.33352876740067	0.2698673674718457
86.76972823571498	0.2669466195829407
87.51749875282523	0.2620439897626141
87.6821863071888	0.2609815922966093
88.28752434484949	0.25712913462768294
88.93292151735537	0.25311083004758705
89.19998241632331	0.2514743642791784
89.55606361494723	0.2493158848534159
90.15249962264232	0.24575944331790628
90.96258434951177	0.2410443257820307
90.88246607982138	0.24150485547566058
91.37207772792928	0.2387100358038222
91.87059140600279	0.23591174304700546
91.97741576558997	0.23531822404160718
92.18216245479874	0.23418660725763463
92.50263553356027	0.2324309651941961
93.11687560118655	0.22911826723617276
93.28601417053292	0.2282179485649129
93.63319333919125	0.22638572812452346
94.31864964654231	0.2228295950818831
94.56790648557907	0.2215562735310407
95.21775467306773	0.21828512821693535
95.58273790165727	0.2164781611008916
95.80528865079722	0.21538684520401888
96.05454548983398	0.21417389811186352
96.68658961739146	0.21114170715843547
96.69549164735706	0.21109944025304636
96.962552546325	0.2098370447062317
97.27412359512095	0.2083778653083343
97.83495148295364	0.20578771203819785
97.96848193243761	0.20517780555196755
98.25334689133675	0.20388529105338019
98.68064432968548	0.20196827147715005
99.11684379799979	0.20003781688638658
99.6242595060389	0.19782525069371398
99.99814476459402	0.19621728846523423
100.38093205311475	0.19459035325018767
100.84383761132585	0.192648571606602
101.10199648032821	0.19157768330547384
101.33344925943376	0.19062480597700301
101.89427714726645	0.18834386227517058
101.94768932706003	0.18812867020053176
102.44620300513354	0.18613707333571
102.98032480306945	0.18403654016923082
103.06934510272544	0.18368975315885083
103.32750397172778	0.18268934406072415
103.93284200938845	0.18037392930988522
104.51147395715235	0.17819972917999113
105.08120387495065	0.1760954422792997
105.41948101364336	0.17486281407047063
105.90019063178568	0.1731323253103832
106.79039362834551	0.16999183015079936
106.7859426133627	0.170007329098853
107.15982787191783	0.1687124344242236
107.94765752387329	0.16602972575414596
108.74884022077714	0.16336372433164525
108.8912727002267	0.1628961910484563
109.58563103754337	0.16064416871912304
109.78147569678653	0.1600170408998893
110.24438125499763	0.15854859803984891
110.81411117279592	0.1567676201842544
111.20580049128225	0.15555976230329155
111.41944921045662	0.15490653797541798
112.30965220701644	0.15222660369148786
112.541104986122	0.15154069477878374
112.73694964536516	0.15096375977596843
113.43130798268183	0.14894339939750034
113.39569986281943	0.1490460635104254
113.82299730116814	0.1478207430540622
114.12566631999849	0.1469615120908545
114.42833533882883	0.14610941071307218
114.94465307683353	0.14467206228703672
115.85266013332456	0.14219296344796453
115.80814998349656	0.1423130655166322
116.33336975146686	0.14090505295387445
116.81407936960917	0.13963377086098896
117.51733973689143	0.13780331253255715
118.1760899543457	0.13611969325536943
118.62119145262561	0.13499872936815224
119.23543152025191	0.13347337358904213
119.44908023942625	0.13294859439023549
120.05441827708694	0.13147765500019146
120.51732383529804	0.13036848265914405
120.55293195516045	0.13028371696548355
120.98022939350915	0.12927265112723085
121.24729029247712	0.1286464276143208
122.65381102704164	0.1254188931440537
122.69832117686963	0.12531865539309767
123.3926795141863	0.12376967657670604
124.00691958181258	0.12242216029629995
125.14637941740915	0.11997743055602504
125.07516317768437	0.12012817035754238
126.21462301328096	0.11774844083537658
126.85556917080402	0.11643938952321982
128.030637126263	0.11409297349595243
128.11965742591897	0.11391797914187465
128.77840764337324	0.11263487494353745
129.00986042247882	0.11218896125117056
129.4371578608275	0.11137234584093882
129.82884717931384	0.11063123109254772
130.5588136364929	0.10926876746774287
131.91192219126384	0.10680596518205174
131.7338815919519	0.10712545356395868
132.6596927083741	0.10547889086626751
133.38965916555316	0.10420604663712456
133.90597690355787	0.10331896804575287
134.2442540422506	0.1027436242983536
135.11665297887922	0.10128082607185279
135.91783567578307	0.09996353766419463
136.66560619289334	0.09875606502161575
137.60922136924674	0.0972619069978116
137.52910309955635	0.09738750887350223
138.17004925707943	0.0963891458292664
138.55283654560017	0.09579986913416344
139.76351262092152	0.09396966066962481
139.72790450105913	0.09402277380033199
140.76053997706853	0.09249974431794855
140.88516839658692	0.09231832063085169
141.13442523562367	0.09195699653362116
142.16706071163307	0.09048142501232818
143.0216555883305	0.08928573252346644
144.62402098213818	0.08710392543685355
144.5528047424134	0.08719926736920149
145.69226457800997	0.08569150368495222
145.79908893759716	0.08555206607690889
146.1195620163587	0.08513569412130743
146.58246757456982	0.08453936467232091
146.6536838142946	0.08444815200625551
147.89996800947836	0.08287444359602499
147.93557612934075	0.08283009846386857
148.45189386734546	0.08219088766374875
149.2352725043181	0.08123443760686078
149.7515902423228	0.08061272596429798
150.28571204025872	0.07997670786443192
150.49936075943305	0.07972430787538923
150.85544195805699	0.07930616439288009
151.53199623544245	0.07852028240782885
151.37175969606167	0.07870540313213562
152.47561141179588	0.07744264706196007
153.3480103484245	0.07646504754115203
154.66551078333305	0.0750217869075225
154.27382146484672	0.07544676933920662
155.8761868586544	0.0737296223691104
155.73375437920484	0.0738799836614268
156.58834925590227	0.07298433579148446
157.12247105383815	0.07243241498240618
157.62098473191168	0.07192265311122152
157.69220097163645	0.07185024869261608
158.08389029012278	0.07145387975709525
161.14618859828857	0.06845997277180672
162.96220271127063	0.06676853438876845
163.38950014961938	0.0663792329502702
164.60017622494072	0.06529365745454084
165.09868990301425	0.06485401740752832
166.166933498886	0.06392605811196603
166.09571725916126	0.0639873302249713
166.66544717695953	0.06349948988736508
167.6980826529689	0.06262872001203731
169.05119120773986	0.06151330047603836
169.9413942042997	0.06079488027201316
170.79598908099712	0.060116413405905296
171.15207027962106	0.05983690665959762
171.54375959810739	0.05953158703687606
171.82862455700655	0.05931093137809213
172.93247627274073	0.05846682816612294
173.07490875219028	0.0583591626407916
173.64463866998858	0.057931318586063936
174.78409850558515	0.05708895875694772
174.64166602613557	0.05719329396584873
175.35382842338342	0.056674323083233315
175.78112586173216	0.056366161225635425
175.85234210145697	0.056315033514519504
177.2054506562279	0.05535605107025627
178.84342416989796	0.05422606273972976
178.7722079301732	0.054274505193916064
179.91166776576978	0.05350676936643824
180.76626264246718	0.052941096788205674
181.54964127943984	0.052430029054497215
181.834506238339	0.052245930740167985
182.831533594486	0.05160879878720695
182.86714171434838	0.05158624949206232
184.22025026911933	0.05073968538065458
184.11342590953217	0.05080579604691423
185.3241019848535	0.050063669329842644
186.67721053962444	0.04925239790596208
187.4605891765971	0.04879126107458894
187.74545413549626	0.04862510107036778
188.10153533412017	0.048418533613463974
188.95613021081763	0.047927849518804896
189.16977892999196	0.04780628688369378
191.163833642286	0.046692607188487015
190.5228874847629	0.047046504364087575
193.22910459430477	0.04557774555384603
195.08072682714925	0.04461020084909779
195.50802426549797	0.04439108361634247
195.86410546412188	0.04420965596200105
197.00356529971847	0.04363613842351365
197.4308627380672	0.04342380187055352
197.92937641614068	0.04317793235128489
198.64153881338854	0.04283011853210523
200.27951232705863	0.04204515109435631
201.9887020804535	0.041247732057045204
201.84626960100394	0.04131335673303129
203.87593243316033	0.04039205118937142
205.79877090572955	0.03954600201051859
206.97383886118854	0.0390413518380476
206.97383886118854	0.0390413518380476
209.53762349128084	0.03797167478779283
210.96194828577654	0.03739537255492639
211.3892457241253	0.03722491118314572
213.9530303542176	0.03622501369014119
215.66222010761246	0.035579537876264465
216.23195002541075	0.03536801743811576
217.65627481990646	0.03484698644754349
217.86992353908082	0.0347697756696207
220.71857312807225	0.03376316239885634
220.5049244088979	0.033837209435643834
223.06870903899022	0.032963650323731435
224.7778987923851	0.032399009115584694
225.06276375128425	0.03230624247114202
226.48708854577995	0.031848032294700256
227.62654838137652	0.031488094154429706
229.05087317587225	0.03104625803341079
229.33573813477142	0.030958950338388618
230.26154925119363	0.030677600521259438
230.58202232995515	0.03058105754381974
231.08053600802864	0.030431736622310492
232.18438772376285	0.030104767504905847
232.75411764156115	0.029937961902480836
233.32384755935945	0.029772467923416937
234.46330739495602	0.029445361472975558
234.46330739495602	0.029445361472975558
236.88465954559874	0.02876702678458641
238.0241193811953	0.02845548353075366
238.30898434009447	0.028378347744349542
240.30303905238847	0.02784663090039656
241.01520144963635	0.027660163509511337
242.15466128523292	0.027365489010968264
242.72439120303122	0.027219823521163047
243.57898607972862	0.027003384264146647
244.71844591532525	0.026718585786480155
245.00331087422438	0.026648053661679293
245.85790575092182	0.026438038523793523
248.13682542211498	0.025889371043500652
249.56115021661068	0.025554640319436488
251.84006988780382	0.025031735852465795
254.11898955899701	0.02452390735175509
256.3979092301902	0.024030594679527034
258.6768289013833	0.023551263128307444
260.9557485725765	0.023085402059381564
263.23466824376965	0.022632523625057663
264.37412807936624	0.022410806378625088
266.0833178327611	0.022083974063439118
267.22277766835765	0.021869834988926532
268.36223750395425	0.02165863288098349
270.64115717514744	0.021244832213822836
272.3503469285423	0.020941811773804993
273.48980676413885	0.020743197137561925
275.1989965175337	0.020450255566659418
277.4779161887269	0.020068723400499467
279.1871059421218	0.019789172952203865
281.4660256133149	0.019424963461619114
283.7449452845081	0.019070195451267046
289.442244462491	0.018222543518658763
298.5579231472636	0.01697372772327714
308.81306166763284	0.015709141933472007
319.9227950646995	0.014484828941645609
331.6022583795644	0.013338627319187848
344.9909114478242	0.0121766876327702
360.6584841872772	0.010991100212865708
378.3201116390242	0.009841574719063944
396.5514690085694	0.008825667917555513
415.9222862137113	0.007901560001310932
438.71148292564294	0.006980468821180269
464.91905914436427	0.006098402189821756
493.4055550342787	0.00530832779117426
526.4498902665795	0.004561725336526494
565.1915246911065	0.0038623834352512596
610.7699181292129	0.003219044233863668
665.4639902378486	0.002630274008560341