 t [day]	Mdot [M_\odot yr^-1]
8.216589371968073	0.130192353270191
9.382755297461447	0.4030628804867838
10.909453436561552	1.2722411247182785
12.218051841504499	2.6462382019098962
13.55780735132704	4.504893835830425
14.737326321768814	6.118257044236451
17.621584030622657	10.201368926690176
17.870840869659407	10.655840961931913
19.169424490891057	12.768584721724757
20.4947142020195	13.72640542777769
21.81889115940224	13.330719953124266
23.042920279672003	12.259834287715798
24.991352088392333	10.243970655103576
28.40416782645357	7.420512464415544
29.097413410024537	6.980653795233379
30.57515038431385	6.162113801391839
32.08738272471986	5.463882869149392
33.3982066371542	4.9506872214162625
34.60443169749277	4.540669121659427
35.82178429528834	4.177759035689792
36.95234210091932	3.879753172577704
38.23423441596547	3.580629481196765
39.26464438448347	3.365934061921405
40.45083987739944	3.1432720903074456
42.02204816632754	2.8828529053038543
42.80097578831739	2.7663712950939927
44.12737825319152	2.584651530620418
45.40036853827208	2.427556638460343
46.69116288328383	2.283220400671999
47.93744707846759	2.1563051618538744
49.21933939351375	2.0369221499679804
50.69707636780306	1.911573183783652
51.95893911542662	1.8136718398850862
53.30314564023195	1.7175385368482778
54.52940026799312	1.6363902740986644
55.91366592764365	1.5514938824144648
57.355794781785704	1.4698229343483145
58.64658912651259	1.4019839736599329
60.00859971124912	1.3352619698407215
61.366159281002865	1.2732630836065917
62.42995186189186	1.2275558138199054
63.667334027110016	1.1773147399649555
64.92697126724217	1.1291567233075943
66.04862704290755	1.08862028847922
67.3483234178849	1.044209024955103
68.34535077403191	1.0118767942082811
69.81863673333842	0.9666605041800548
71.14949021319536	0.9282537522818647
72.42693151325872	0.8934021414782347
73.66876469345968	0.8612817127494066
75.02632426321343	0.8280171234025667
76.38833484794995	0.7964514584921768
78.01295531667164	0.7609940439702638
78.91651135817986	0.7422397653672124
80.21620773315722	0.7163976385265634
81.41798177851298	0.6936276810172639
82.64646191376555	0.671402475048299
83.82152986922452	0.6510810214591574
85.28591379856543	0.6269620621394336
86.54110002371479	0.6072901187652099
87.92536568336533	0.5866006697097688
89.0559234889963	0.5704415497578907
90.1597752047305	0.5552704197941486
91.33484316018946	0.5397459547039225
92.54551923551082	0.5243916575858967
93.88972576031618	0.5080650697333318
95.13600995549993	0.4935695115695401
96.3021758809933	0.48053568220449194
97.55736210614265	0.4670503874083208
99.07070720029436	0.45150068814784156
100.53954214461808	0.4371076487908621
102.41787046735932	0.4196414998861479
103.5751343628871	0.4093744466004493
104.87037972288165	0.3983050112782777
106.26799842748058	0.3868357997641294
107.89261889620225	0.3740899184096019
109.63741676945952	0.3610615576133249
111.13295780368004	0.3504062959012578
112.16559327968943	0.343310525154456
113.4474855947356	0.3347854530770015
115.64628699623836	0.32085483203501086
118.44152440543621	0.304316891759043
120.74715016652618	0.29158122667994696
121.92221812198514	0.28538315948033705
125.02012455001335	0.2699218547058468
125.28718544898129	0.26864568453741555
127.8153619592112	0.25698224089075294
128.47411217666547	0.25406264257151207
130.3613425293723	0.24595714967769416
131.64323484441846	0.240661535082562
132.28418100194156	0.23807490013882357
133.92215451561162	0.23164308263012498
136.0942498272176	0.22349176201974844
137.1624934230894	0.2196331839264013
137.44735838198855	0.218620368230547
139.2277643751082	0.21243942573879288
142.3256708031364	0.20226694645283566
143.23367785962742	0.199417700354966
145.76185436985733	0.19178101901251807
147.13276698455948	0.18781420074390026
148.37905117974321	0.18430919605743287
150.17726123279408	0.17941490495930848
154.84192493476758	0.16755451393266724
155.1802020734603	0.16673847877724587
157.53033798437826	0.16122308200034718
159.02587901859877	0.1578482688684153
160.30777133364495	0.15503542743606677
161.945744847315	0.15154445443279788
164.79439443630645	0.1457356538739947
166.50358418970131	0.14240210410967102
167.28696282667397	0.14091057304728155
168.78250386089448	0.13812446270519432
171.48872097043633	0.13327939206769657
171.48872097043633	0.13327939206769657
172.9130457649321	0.13082641768910935
176.0465603128227	0.12565204735076077
177.32845262786884	0.12361928725684279
177.96939878539192	0.12262048107032213
179.53615605933723	0.1202269444611577
181.88629197025514	0.11675991238637652
182.81210308667735	0.11543323268602987
183.52426548392523	0.11442730136212736
187.15629370988933	0.10948671227735518
189.15034842218336	0.10690282176021397
191.35805185365172	0.1041423771297233
191.46487621323888	0.1040113966630202
193.77940400429443	0.1012302314200079
195.88028307617566	0.09879670141916831
198.83575702475426	0.09551219342988133
200.54494677814913	0.09368337056325861
202.8238664493423	0.09132165164930876
205.10278612053548	0.08904388331801184
207.38170579172862	0.08684622285048649
209.6606254629218	0.08472504254666267
211.36981521631665	0.08318227876800267
212.22441009301406	0.08242587291820312
214.2184648053081	0.08069860259571153
217.06711439429952	0.0783192360568296
219.3460340654927	0.07648705278674438
221.05522381888758	0.07515272331287404
223.33414349008075	0.07342462245908533
225.61306316127389	0.07175256047859696
227.89198283246705	0.07013419858474433
230.17090250366022	0.0685673172729333
232.44982217485335	0.06704980913695845
234.72874184604652	0.06557967218350347
235.58333672274395	0.06504019230723455
237.71982391448756	0.06371883077110137
239.9987435856807	0.062351107543060426
243.84442053081918	0.06013614870784765
246.12334020201232	0.05887611420604343
248.40225987320548	0.05765333182610132
250.68117954439862	0.05646638471781699
252.9600992155918	0.055313921851243494
255.23901888678498	0.0541946544064504
257.51793855797814	0.05310735239144233
259.7968582291713	0.05205084147192854
262.0757779003644	0.05102399999794222
264.3546975715576	0.050025756213485637
264.9244274893559	0.04978054259691985
268.91253691394394	0.04811100859714039
271.1914565851371	0.047192587924314626
273.4703762563302	0.04629892676911123
275.7492959275234	0.04542916655720735
278.02821559871654	0.044582485060876816
280.3071352699097	0.043758094582930146
282.5860549411029	0.04295524024521194
284.86497461229607	0.042173198374834235
287.1438942834892	0.04141127498184101
289.42281395468234	0.04066880432244159
291.70173362587553	0.03994514754236102
293.98065329706867	0.03923969139527662
296.2595729682618	0.038551847031608626
298.53849263945494	0.037881048853323024
300.81741231064814	0.03722675343065614
303.09633198184133	0.03658843847698538
305.37525165303447	0.03596560187830905
307.6541713242276	0.035357760774045545
309.9330909954208	0.034764450686078543
312.21201066661393	0.0341852246931901
314.4909303378071	0.03361965264820158
316.7698500090002	0.033067320435318515
319.0487696801934	0.03252782926535108
321.32768935138654	0.03200079500662074
323.6066090225798	0.031485847549510504
325.8855286937729	0.03098263020274048
328.16444836496606	0.030490799119584154
330.44336803615926	0.03001002275233945
332.7222877073524	0.029539981333482727
335.00120737854553	0.02908036638202958
337.28012704973867	0.028630880233717758
339.55904672093186	0.028191235593708595
341.837966392125	0.02776115511058991
349.81418524130106	0.02632740617050382
363.48770326846005	0.024104704065287086
378.3006811312155	0.02198719011419286
395.39257866516425	0.01985936552729921
413.6239360347095	0.0178997735099529
432.9947532398514	0.01610713382969321
454.64449011618643	0.014392841392633323
479.71260649931116	0.012716656508564544
508.1991023892257	0.011131957782950116
540.1039777859299	0.009673105949906708
576.5666925307178	0.00832009062537932
618.7267064534885	0.007070861897662883
668.862939219738	0.005909127901924443