 t [day]	Mdot [M_\odot yr^-1]
4.046800092818109	0.02018244172003962
5.254137906902375	0.0840482960549699
6.465926735969441	0.18397697918298683
8.324225491288079	0.41049165671312016
9.287870235064094	0.645630190726439
10.600919654989841	1.063702083192618
11.638006145982038	1.444324435049382
13.3872550342221	2.1558757860698567
14.330870210575517	2.569361325263426
16.471808417301908	3.571951528655955
17.602366222932886	4.1328191684138735
18.67060981880468	4.679521324651192
19.950276626359432	5.350331627958954
21.031873267179623	5.92187409525295
22.74773954304869	6.796086008170386
24.011827798163647	7.3585228528762885
25.436152592659372	7.824736051824708
26.78926114743031	8.031824944409028
27.928720983026892	8.004944479791597
29.06372980364067	7.810944593146798
30.216542684185644	7.483785444856758
31.324845414902633	7.092131803412081
32.05703737957309	6.8121915743802735
33.450205069189224	6.269363700119256
34.769931011589165	5.772820332532102
35.98505810189333	5.346663039062771
37.06888025020492	4.996107248266561
38.246173713155294	4.647359909591556
39.443496743528264	4.325249980133464
40.62079020647864	4.037950141427623
41.74912250461822	3.7873321511590854
42.957573072448184	3.54295427104546
44.17715117773514	3.318782173495903
45.70607482432665	3.0657714457346463
46.64078797071446	2.924728471411718
49.1021992562024	2.5957807019534305
50.58883826045731	2.4228302910574344
53.01909244106564	2.1747285684195843
54.94638192861767	2.003917553395289
56.424118904046445	1.886203934480897
58.70303857637905	1.7241052857280652
59.967126831494014	1.6431343570181411
61.09323362214219	1.5757813276380936
62.34396883230875	1.5058035923021307
63.728234491959284	1.433769255310342
64.74306590803748	1.3842743054328321
65.96709502830726	1.3280055995784619
67.36916474788897	1.2677920470181787
68.50862458348556	1.2219197650751885
69.75490877866932	1.1746383394962232
70.98783992890468	1.1306104025463484
72.16735889934644	1.0908535623479805
73.4269961394786	1.050757840832486
74.63322119981717	1.0144814562354554
75.98187873960532	0.9761920288338624
77.22816293478907	0.9427830397380164
78.88394050839035	0.9010934411666374
80.6153853366992	0.8605074844390372
81.95068983153895	0.8311272548808681
83.36611259606909	0.8016630416664999
84.99963509475636	0.7696410994901334
86.53078424883928	0.7414026309321002
88.79635087508404	0.7024876779475248
89.65094575178148	0.6886292033702797
91.09307460620839	0.6661867688817746
92.5619095505321	0.6444737785245741
94.55596426282611	0.6167049812187742
96.49215578034374	0.5914703588923013
98.17018842885902	0.5708630483378051
99.54110104356114	0.5548341615575595
100.78293422376213	0.540902019134106
102.10933668863625	0.5266034657415859
103.18648231447365	0.515411889095293
104.37045229989822	0.5035231768417187
105.59003040518519	0.4917074616761716
107.24580797878647	0.4763271010568657
108.37636578441744	0.46623999346568046
109.59594388970442	0.4557161712624379
110.94015041450976	0.44452651591227443
112.08851228007192	0.43529139363498404
113.23687414563412	0.42634148565703206
114.62559082026743	0.4158821128268087
115.8718750154512	0.40681902822216626
117.23388560018773	0.3972476762017563
118.69381851454584	0.38735625607567
120.0291230093856	0.378626637768837
121.40003562408774	0.36996472621870513
122.50388733982193	0.36320194933821365
123.85699589459286	0.35515880939673944
125.49496940826295	0.345769658681546
127.15074698186423	0.33664568897568875
128.53946365649756	0.3292638599237089
130.21304529003004	0.32067956534809794
131.61956602459458	0.3137164825454161
132.9637725493999	0.30726676503895783
133.85397554595974	0.3031015812520678
136.05277694746252	0.2931601318254798
137.6195342214078	0.28636367168412513
139.86284577273858	0.2770246761067591
141.90141063486058	0.26891662602459737
143.3969516690811	0.26318527252984536
144.47409729491847	0.25916622103888237
145.880618029483	0.25405048330920443
147.4473753034283	0.2485218995015238
148.70256152857766	0.2442171043919158
149.84202136417426	0.24040164347405552
151.31085630849796	0.2356086793916933
152.1832552451266	0.2328267821058077
153.89244499852146	0.2275117266806105
154.51558709611334	0.22561725637630436
155.61943881184752	0.22231649140830473
157.02595954641205	0.21821014685418022
158.23663562173343	0.21476207117901758
159.51852793677955	0.21119559023153392
160.9250486713441	0.20737909680394115
162.42058970556462	0.2034283248079943
163.38200894184922	0.2009451150917466
165.14461087503767	0.19650370407257492
166.28407071063427	0.19370670372048782
167.47694272602442	0.1908390362355573
168.616402561621	0.18815595181252368
169.96951111639194	0.18503906449297272
171.1089709519885	0.18247103560366854
172.7469444656586	0.1788675076169356
173.85079618139278	0.17649588900319518
175.23951285602612	0.1735752538881116
176.25434427210433	0.1714841942472621
177.48282440735687	0.16900047217823533
179.031777621371	0.16594101756702756
181.0792445134586	0.16201619240211015
182.87745456650947	0.1586768912746772
183.94569816238123	0.15673918561566913
185.56586761612013	0.15386375649998305
187.6311385681389	0.15030555230573156
189.51836892084577	0.14715510757749312
191.04951807492867	0.14466732119088901
192.27799821018124	0.14271411198270623
194.23644480261288	0.1396766153040754
195.3937086981406	0.13792454186816946
196.17708733511327	0.1367561055239247
197.601412129609	0.1346672362576671
198.31357452685685	0.13363967789844625
199.7200952614214	0.13164253863889067
201.85658245316498	0.12868867539940723
202.8001976295184	0.12741379646531334
204.26013054387653	0.1254762125433983
205.8981040575466	0.12335147238255925
206.930739533556	0.1220379705035731
208.3372602681205	0.12028041907857655
209.76158506261626	0.11853678447960347
211.16810579718077	0.11684972233896879
213.23337674919958	0.11443326810940761
214.1591878656218	0.11337286325456733
215.72594513956707	0.11160964402325314
216.7229724957141	0.11050765914869343
218.07608105048504	0.10903648232109944
219.71405456415513	0.10729224526425346
220.8713184596829	0.10608351514522749
222.75854881238973	0.10415314034347803
223.34608279011923	0.10356227593517434
224.9484481839269	0.10197462687655867
226.5152054578722	0.10045520331048381
228.33121957085427	0.09873364773989103
230.1828418036987	0.09702080280734324
231.60716659819442	0.0957315667569857
233.2451401118645	0.09427856571730181
234.2421674680115	0.09340929128549524
235.3816273036081	0.09242958757115884
238.4439256117739	0.08986724324015333
238.30149313232434	0.0899841909660467
240.0462910055816	0.0885661965342525
241.96912947815082	0.08703966834391973
243.6427111116833	0.08574099457551224
245.38750898494055	0.08441590685611162
246.0996713821884	0.08388333075593649
247.7020367759961	0.0827021970635677
249.55365900884053	0.08136627580632846
250.8355513238867	0.08045913357750911
251.4408893615474	0.08003570330543663
253.25690347452942	0.07878406877504018
254.9304851080619	0.07765485408179798
256.1767693032457	0.07682869195308872
257.6010940977414	0.07589957313749568
259.0254188922371	0.07498618901456407
260.48535180659525	0.0740659423782642
261.62481164219184	0.07335870699847276
263.01352831682516	0.0725095476461594
264.3666368715961	0.07169540724071995
266.4319078236149	0.07047737464603944
267.8562326181106	0.06965425765913888
268.4259625359089	0.06932879734797645
270.1351522893038	0.06836516217918014
271.7731258029739	0.06745927523212775
273.55353179609347	0.06649366282008726
275.1915053097636	0.06562239480210119
275.4763702686627	0.06547251236037771
276.7938707035713	0.06478553752865582
279.4288715733884	0.06344170914305279
280.6751557685721	0.06281975932608094
281.9570480836183	0.06218895807843918
283.9511027959123	0.06122530653103226
286.79975238490374	0.05988476053073079
288.86502333692255	0.0589385742441266
289.14988829582165	0.05880972100273489
290.5742130903174	0.05817136912407228
291.57124044646446	0.05773031496045671
292.9243490012354	0.05713923940005745
294.91840371352936	0.05628360767010469
297.1261071449978	0.055357205276397224
297.8382695422456	0.055062948162011884
299.4050268161909	0.0544232926195354
299.6898917750901	0.054308117516904585
301.39908152848494	0.05362422657439205
301.8263789668336	0.05345515093076107
302.9658388024302	0.05300793850217382
304.5325960763755	0.052401584228485835
306.4554345489447	0.05167069812430848
307.7373268639909	0.051191399423320266
309.2328678982114	0.050640100197898164
311.369355089955	0.04986694295671794
313.9331397200473	0.048960942768042644
316.78178930903874	0.04798125984734114
317.92124914463534	0.04759711897849125
318.63341154188316	0.04735923000231453
319.8440876172046	0.04695865072738468
322.33665600757206	0.046148842095762144
324.9004406376644	0.045336295249677076
325.1853055965635	0.045247260853137704
326.6096303910592	0.044805768320575604
327.89152270610543	0.044413603505289515
329.8855774183994	0.043813132595164894
332.1644970895926	0.043140813309012226
332.8766594868404	0.04293369956788052
334.3009842813361	0.04252366145903567
335.5116603566575	0.04217946148312061
339.07247234289684	0.04118961149876965
340.42558089766777	0.040822059986598005
341.5650407332643	0.040516124501330776
343.27423048665923	0.040063258991280645
346.9774749523481	0.03910626865422673
347.68963734959596	0.03892594048980876
350.2534219796883	0.0382863958475035
352.674774130331	0.03769592698279264
353.1020715686797	0.0375930640002575
354.668828842625	0.03721927413613726
356.0931536371208	0.03688400637574616
359.5115331439105	0.03609658101085766
359.2266681850113	0.0361612874925164
361.50558785620444	0.03564818514010973
363.4284263287737	0.0352232245401311
365.4936972807925	0.034774719755750666
368.4135631095088	0.03415428976127368
368.91207678758224	0.03404992973395165
370.05153662317883	0.03381307987355569
371.7607263765737	0.03346215257785542
372.6153212532712	0.033288618663372835
373.75478108886773	0.033059214139038416
375.17910588336343	0.032775591403864344
376.74586315730875	0.032467566550423606
379.59451274630015	0.03191792634999334
380.5915401024472	0.03172866226309265
383.4401896914386	0.031196580707563096
384.2947845681361	0.03103941969235695
385.71910936263185	0.03077996514652587
386.71613671877884	0.030600170334841286
388.85262391052237	0.030219870697021735
389.4223538283207	0.030119588220684577
391.13154358171556	0.029821553091541844
393.4104632529087	0.0294306304012662
397.68343763639587	0.028716974293799297
398.2531675541942	0.028623677674792125
402.24127697878225	0.027982469680769593
402.8110068965805	0.027892534268603504
405.659656485572	0.02744894656199497
407.3688462389668	0.02718758085278589
407.65371119786596	0.027144363221003193
410.78722574575653	0.02667533177637069
411.641820622454	0.026549409515678305
415.629930047042	0.02597278026719276
418.1937146771343	0.025611430146361074
420.47263434832746	0.02529618853725924
422.75155401952065	0.024986424315991004
424.17587881401636	0.024795548872357433
424.88804121126424	0.02470088651303146
427.45182584135654	0.024364316832469854
428.1639882386044	0.024271980918299192
429.8731779919993	0.024052391813610588
431.1550703070454	0.02388954649505786
433.1491250193394	0.023639327252688393
434.7158822932847	0.023445329403410913
435.28561221108305	0.023375345171566964
438.7039917178728	0.022961606467441338
440.1283165123685	0.022792282136178645
440.84047890961637	0.02270828462617484
443.2618310602591	0.02242596015874433
443.68912849860783	0.02237665647262622
446.1104806492505	0.02210015760943916
446.96507552594795	0.022003728730886987
447.5348054437463	0.021939774722913037
450.6683199916369	0.021592707251477973
452.3775097450317	0.021406680052440532
454.65642941622485	0.021162169392378218
455.79588925182145	0.021041401366061512
457.5050790052163	0.020862079432693456
459.7839986764095	0.02062634665554317
461.4931884298043	0.020452026039068472
461.77805338870354	0.020423176516878867
464.3418380187958	0.020166116683660737
466.620757689989	0.019941466725072122
468.32994744338384	0.019775309396748618
470.60886711457704	0.019556815435391405
471.7483269501736	0.019448855400143537
472.8877867857702	0.01934174177652617
474.596976539165	0.019182639730638502
475.7364363747616	0.0190776050429347
478.0153560459547	0.01886997852426192
479.72454579934964	0.018716364207707184
482.0034654705428	0.018514301542766086
484.2823851417359	0.018315332100585082
486.5613048129291	0.018119395123600758
488.84022448412225	0.017926431305430438
491.1191441553154	0.01773638275013399
493.3980638265086	0.017549192932789053
495.6769834977017	0.01736480666133
497.95590316889496	0.017183170039606482
500.2348228400881	0.017004230431619305
502.51374251128124	0.016827936426885577
504.7926621824744	0.016654237806900386
507.07158185366757	0.016483085512650694
509.3505015248607	0.016314431613144227
511.62942119605384	0.016148229274921443
516.1872605384401	0.015822997259804603
523.0240195520196	0.015352425012357009
529.8607785655992	0.01490158636664027
535.5580777435821	0.014540198698036709
541.2553769215649	0.0141912071348024
547.0951085789974	0.013845787232395762
553.0772727158794	0.013504276097655513
560.911059085606	0.013075006761690272
568.6024129616395	0.012672292749061608
575.4391719609758	0.012329070235237534
582.2759309745552	0.01199900989951121
590.2521498237313	0.011629716885025142
599.3678285085039	0.01122730510688815
608.4835071932766	0.010844571001326323
617.5991858780492	0.010480288286902563
626.7148645628218	0.010133322856630305
635.8305432475944	0.009802624706235084
644.946221932367	0.009487220666374162
654.0619006171398	0.009186207849326023
663.1775793019125	0.008898747731650076
673.4327178222816	0.00859058636807518
684.8273161782474	0.008265898775743354
696.2219145342133	0.007958606559578257
707.616512890179	0.007667521251954452
720.1505710817414	0.007364747494822917
732.6846292733037	0.007078937964248026
744.0792276292697	0.0068328100816043335
756.6132858208318	0.006576108808908308