 t [day]	Mdot [M_\odot yr^-1]
5.569431540272765	0.11159047535483672
6.323878579800246	0.18755263262069768
7.169571426532083	0.30776423421103166
8.044195870652114	0.4758167046020785
8.963330464600137	0.703206267058156
10.03157406047193	1.0325986636944906
11.52934060218384	1.6021075519917896
12.110198057439128	1.8521685106212613
12.844615529600986	2.187892183097286
13.694759391315621	2.599921678560085
14.869827346774594	3.20373330219582
16.049346317216365	3.8438562322685663
17.56269141136807	4.710663741066727
18.83123068146583	5.4732894068522295
19.76149281287085	6.047666081438734
20.767422198983454	6.672588710937804
21.764449555130458	7.280789461708164
22.674682119112884	7.810551821560387
23.665032952785694	8.341646196057125
24.54855942687132	8.761764084331531
26.06190452102303	9.332284039630059
26.863087217926875	9.54544890394608
28.374206804587182	9.758888539074352
29.638295059702134	9.740932709703024
30.777754895298713	9.580272624884032
31.917214730895292	9.304369643085515
32.602671038246356	9.094822378095426
33.70207173899775	8.710207365501592
34.636784885385566	8.352864234644587
35.4869287471002	8.01575063435605
36.41941638599662	7.642601732275742
37.28513880015106	7.299805120946614
38.20872440908188	6.943275412863495
39.25248742254828	6.556314983029082
40.26731883862648	6.199257406919825
41.1708748801347	5.898499675039083
42.39712950789586	5.516736810877563
43.7813951675464	5.121691264590544
44.825158181012796	4.847869588697566
46.042510778808364	4.552972676177696
48.53062815419308	4.024087190803499
48.559559751581276	4.018469884981818
49.60554827253907	3.82288019176236
51.773192569162255	3.460205067995764
53.33104781314195	3.2307903832254783
54.01205310551022	3.1377658697386495
55.82806721849227	2.9090272425377264
56.20195247875659	2.8651594809141017
56.762780365734685	2.8012727041723706
57.911142232151455	2.6772362425123455
59.42448732630317	2.5265466130536187
60.76424283612571	2.4040436427359952
61.52981741316716	2.3382229337606524
62.49123664945177	2.2595443869454135
63.52387212546118	2.179641175071565
64.32950583734781	2.1203898211297307
65.27757202868403	2.053898600076242
66.27905039981384	1.9872152819404303
67.07133106675208	1.936883689674054
68.09951552777869	1.8745506713204132
68.84728604488895	1.8312125657421645
70.01345197038232	1.7667604061477584
70.6677511728538	1.7321769258326727
71.55795416941362	1.6868399422610878
72.59058964542302	1.6365905500742792
73.45408655208605	1.5963896285458263
74.38879969847387	1.55463027698442
75.39027806960368	1.5117997916411592
76.54754196513146	1.4646177298579819
77.67364875577964	1.420931369663146
78.53269464745986	1.3889915743708972
79.81903797748883	1.3432686603646933
81.11428333748337	1.299615665004001
82.66323655149748	1.2503205724313646
84.14097352578679	1.2060182522112972
85.20476610667578	1.175656045320048
87.1632126991074	1.1228528224342953
87.14540863917621	1.123315717187874
88.08902381552963	1.0991945083290247
89.15726741140142	1.0728680465236595
90.75073077524351	1.0354199609628885
91.8501314759949	1.0107785147078283
93.22104409069702	0.98133219392678
94.14240419213645	0.9622986977160716
95.38868838732022	0.937468662494706
96.40351980339842	0.9179905207271237
97.81894256792853	0.8918735632376578
98.62012526483238	0.8776067962483057
99.83970337011935	0.8565707568098835
101.08153655032031	0.8359565385994142
102.45244916502244	0.8140932311323464
103.40051535635867	0.7994949944919446
104.62899549161122	0.7811825939271699
105.75065126727661	0.7650312783884151
106.92126820775277	0.7487268190274147
107.8559813541406	0.7360956197645544
108.75953739564882	0.7241997867338225
109.952409411039	0.7089497849629453
111.0028489469796	0.6959321639890971
112.41827171150972	0.6789730880760124
112.92568741954882	0.6730499967088357
113.84259650600545	0.662549120817847
114.85742792208364	0.6512213714913448
115.74763091864348	0.6415308993538061
116.72685421485929	0.6311279263864784
117.91082420028386	0.6188957821693273
119.11259824563963	0.6068518307332919
119.96719312233706	0.598506790710856
121.15116310776163	0.587235798677562
121.97905189456228	0.5795484432389053
122.8158427113285	0.5719353672816743
123.85738021730351	0.5626732846530099
124.78319133372572	0.5546331832296558
126.26092830801504	0.5421619392969906
126.70602980629495	0.5384900743751269
127.81878355199474	0.5294760565615029
128.97604744752252	0.5203452677026971
129.72381796463276	0.5145733658416173
130.91668998002294	0.5055670849783973
132.17187620517228	0.49634869445254476
133.09768732159452	0.4897132375568797
134.04130249794792	0.48308884571082505
135.40331308268446	0.47376609103180445
136.2133978095539	0.4683508786496579
137.14811095594175	0.4622190781567738
138.35878703126312	0.45445715268846587
139.53385498672208	0.44711178540582686
140.3439397135915	0.44215261435640457
141.60802796870647	0.4345795291902351
142.91662637364942	0.42694541010320797
144.21632274862677	0.41956281803908396
145.35578258422336	0.41324839511426936
146.82461752854707	0.4053187340752475
147.46556368607014	0.401930465239549
148.2578443530084	0.3978010234769153
149.6910711774697	0.3904919558101594
150.70590259354793	0.38543843415733564
150.95515943258468	0.3842123031971233
153.26968722364023	0.3731020865060394
153.3587075232962	0.37268446842034175
154.46255923903038	0.3675638872068072
155.51299877497098	0.36278865007937394
156.4032017715308	0.3588144072984608
157.77411438623295	0.3528206689641836
158.87796610196713	0.348102985705988
160.01742593756373	0.34333156677013754
161.37053449233466	0.33779158738388215
162.73254507707117	0.33234909209975283
164.01443739211734	0.3273455573838047
164.7711099391932	0.32444469070171
165.94617789465218	0.32001526366977495
167.35269862921672	0.314830906659666
169.04408432268036	0.3087605461382544
170.09452385862096	0.30507779818268344
171.35861211373592	0.30073195638222366
172.5692881890573	0.29665540035537036
173.70874802465386	0.2928931228839655
174.68797132086968	0.2897161847268434
175.5781743174295	0.28687218630885186
177.28736407082437	0.2815264214018786
178.33780360676496	0.2783138569858123
179.6553040416735	0.2743606328732285
180.50989891837096	0.27184060518044373
181.66716281389873	0.26848221888716883
182.3437170912842	0.26654715836036963
183.75023782584873	0.262589581106832
184.9787179611013	0.2592034482235841
185.79770471793634	0.2569816597882406
187.4712863514688	0.2525278534539224
188.09442844906067	0.2508985186002133
188.8421989661709	0.2489636538216797
189.70569587283399	0.24675652717724023
190.5780948094626	0.2445557342049198
191.5484160757128	0.2421416301999456
192.6344637315158	0.23948089258421948
193.80953168697476	0.23665012447751316
195.23385648147053	0.23328423497229434
196.53355285644784	0.23027375016469964
197.40595179307647	0.22828483914898978
198.57211771856987	0.22566525564647258
199.97863845313438	0.2225638989268019
201.21602061835256	0.21988677602788614
201.76794647621963	0.21870782990088958
202.60473729298587	0.21693794414395745
203.6017646491329	0.21485633905183776
205.0082853836974	0.21196905202493949
206.27237363881235	0.2094222199542245
208.5869014298679	0.204873339768129
209.49490848635895	0.20312806147241008
210.38511148291875	0.20143795609601922
212.0943012363136	0.1982498727276916
212.91328799314869	0.19674823042787434
213.58984227053415	0.19552019544346574
214.72930210613075	0.1934769918400625
216.33166749993842	0.19065587979227203
217.57795169512218	0.1885028296337464
218.32572221223242	0.1872279175735293
218.84203995023714	0.18635491767760112
219.76785106665935	0.18480427442730174
220.81829060259994	0.18306747198153453
221.86873013854054	0.18135425620647813
222.6877168953756	0.18003461801670673
223.80937267104096	0.1782497716690544
225.37612994498625	0.17579929646704126
226.47998166072048	0.1741020325580873
228.11795517439054	0.17162693501275356
229.75592868806064	0.16920245803155304
230.00518552709735	0.16883786671530934
231.8924158798042	0.1661139080783373
231.74998340035464	0.16631726377357522
233.26332849450634	0.16417486213546661
234.83008576845165	0.16199862545693292
235.5244441057683	0.16104747155562932
236.5570795817777	0.1596477901295845
237.39387039854392	0.1585264165729424
238.53333023414052	0.15701764144141153
240.2247159276042	0.15481600174446333
240.50958088650336	0.15444958739747008
241.32856764333837	0.1534030887292958
242.6816761981093	0.15169637022867774
243.50066295494437	0.15067663002618822
244.56890655081617	0.1493613228165373
246.4917450233854	0.1470351286945078
246.84782622200933	0.14661008658963146
247.9160698178811	0.1453455275397537
249.4116108521016	0.14360137705127493
250.40863820824862	0.14245530427232062
251.26323308494608	0.14148340544909996
252.5451253999922	0.14004335647972102
254.3611395129743	0.13803912606891988
254.96647755063492	0.13738021376851
256.53323482458023	0.13569565033621675
258.52728953687426	0.13359428350849525
259.3106681738469	0.13278152863909487
260.4501280094435	0.13161196450002616
262.0168852833888	0.13002783040852572
262.7112436207055	0.12933451733382748
263.81509533643964	0.12824320536725103
265.0791835915546	0.1270096394812797
266.0762109477016	0.12604866250150748
267.3402992028166	0.12484521006263813
268.5865833980003	0.12367477695768934
269.49459045449134	0.12283191729274594
270.5628340503631	0.12185082334717247
272.48567252293236	0.12011295301269186
272.55688876265714	0.12004927129484518
274.9070246735751	0.11797462540356592
275.61918707082293	0.1173560859974489
277.18594434476825	0.11601154890061374
278.96635033788795	0.11451028368048471
279.6429046152734	0.11394709125258747
280.74675633100753	0.1130366758867838
281.6369593275674	0.11231003437115458
283.8090546391734	0.11056484320153105
283.95148711862294	0.11045176307853631
285.55385251243064	0.10919093222965437
287.5122991048622	0.10767768968090594
288.8654076596332	0.10664963452301723
289.3995294575691	0.10624768387807447
290.21851621440413	0.10563555319909057
291.2155435705511	0.10489713180321568
292.5686521253221	0.10390673339740975
293.45885512188187	0.10326242708855894
294.7407474369281	0.10234460966925556
295.915815392387	0.1015134792490203
298.0523025841306	0.10002684215320441
298.83568122110324	0.0994895267827956
299.08493806014	0.09931942693766987
300.7941278135349	0.09816413495673566
301.4706820909203	0.09771212770774416
304.0344667210127	0.09602594783688059
304.0344667210127	0.09602594783688059
306.0997376730314	0.09469766992824058
307.63088682711435	0.0937297682876456
309.1264278613349	0.09279793978433809
310.586360775693	0.0919009878055175
311.58338813184	0.09129552276253983
313.5062266044092	0.09014379355644687
315.07298387835453	0.089220599545115
316.2836599536759	0.08851642408320709
317.1026467105109	0.08804455273731229
318.42014714541943	0.08729294373783622
320.3073774981263	0.08623214531633615
321.7673104124844	0.08542408049083432
322.3370403302827	0.08511166224555142
323.19163520698015	0.08464607762197005
325.61298735762284	0.08334644916057468
326.6100147137699	0.08281955761728751
327.9275151486784	0.08213055221395152
329.3874480630366	0.08137655065784274
330.97200939691305	0.08056928351339013
332.2895098318216	0.07990672194121648
334.44380108349634	0.07883993479747121
334.58623356294595	0.07877011896972888
336.7939369944143	0.07769912742411733
338.9304241861579	0.076682296827057
339.571370343681	0.07638093837397066
340.56839769982804	0.07591549602198865
341.4229925765254	0.07551974882891667
342.13515497377324	0.07519219648922727
344.77015584359043	0.07399765770197182
345.6603588401502	0.07360019227799099
346.44373747712285	0.07325292822282221
348.25975159010494	0.07245681177471333
348.54461654900405	0.07233304765162409
351.0371849393715	0.07126281353144175
351.78495545648184	0.07094613149744619
352.9956315318032	0.07043763238119503
354.17069948726214	0.06994902653503002
357.4466465146023	0.06861200882751697
358.51489011047414	0.06818387191487424
359.5831337063459	0.06775951919992294
361.0786747405664	0.06717170019548671
362.218134576163	0.06672868674525093
364.0697568090074	0.06601759119405809
364.3546217679066	0.06590914780239905
365.2804328843288	0.06555844816896444
366.49110895965015	0.06510382517774715
368.8412448705681	0.06423400902158465
370.12313718561427	0.06376650307540858
370.9777320623117	0.0634575110891631
372.33084061708263	0.06297260312359922
375.6067876444228	0.06182017760993311
375.17949020607415	0.06196878836488016
377.17354491836807	0.06127957639342011
378.1705722745151	0.06093904347933102
379.1675996306621	0.06060118889522864
380.16462698680914	0.0602659852918337
381.6601680210297	0.059768091496449266
384.08152017167237	0.0589742665506502
384.43760137029625	0.05885879054795374
386.21800736341595	0.05828619363147312
388.92422447295786	0.05743086717808982
388.7105757537835	0.057497743554459566
390.56219798662795	0.05692179328473899
391.55922534277494	0.0566150497127717
392.98355013727064	0.05618089504866327
394.69273989066556	0.05566611393207777
395.3336860481886	0.055474794341153585
398.32476811662957	0.054594181680486825
398.3959843563544	0.05457345689914684
399.8203091508501	0.054161292246589075
400.4612553083732	0.05397725661497414
402.31287754121763	0.053450549841214993
403.80841857543817	0.053030434431342206
404.9478784110347	0.05271348046587939
407.2267980822279	0.05208757603461043
409.0784203150723	0.051586754339397085
409.3632852739715	0.05151031096865046
410.5739613492928	0.05118721066165135
413.13774597938516	0.05051241076533752
413.2801784588347	0.050475292163989965
415.98639556837657	0.049777318600952664
415.91517932865185	0.04979551066577085
418.76382891764325	0.04907510764469164
420.7578836299373	0.048579578723262594
422.7519383422313	0.04809110601552473
423.60653321892875	0.04788388833680883
424.88842553397484	0.04757542510646161
427.73707512296636	0.04689994987298047
428.4492375202142	0.04673320405680399
429.5886973558108	0.046468151770095785
432.43734694480224	0.04581476236835886
434.14653669819705	0.04542895673233178
435.14356405434415	0.04520602445225798
436.2118076502159	0.04496888303948746
437.06640252691335	0.04478043579771105
438.1346461227851	0.04454644493049964
439.41653843783126	0.04426793388166659
441.69545810902446	0.043778854776923094
441.69545810902446	0.043778854776923094
445.25627009526374	0.043029850887595956
445.68356753361246	0.04294119165581944
449.9565419170996	0.04206864581423097
452.3778940677424	0.0415853054015917
452.6627590266415	0.04152895913790347
454.87046245810984	0.04109591580046553
456.29478725260566	0.04081991648118447
459.64195051967056	0.040181555216388436
460.92384283471677	0.0399408142713997
461.77843771141414	0.039781452423009664
463.487627464809	0.039465416096825495
468.04546680719534	0.03863981948635483
470.3243864783885	0.038236160961909016
470.7516839167372	0.0381611395287303
475.0246583002244	0.03742224368787775
477.44601045086716	0.03701249120308617
479.7249301220603	0.03663261358446343
481.7189848343543	0.036304727606400126
482.146282272703	0.03623500654300302
483.57060706719875	0.03600396554075404
486.8465540945389	0.03548041565655264
488.8406088068329	0.03516698984757859
491.1195284780261	0.034813561020799404
493.39844814921923	0.03446513300615941
495.67736782041237	0.03412161452143074
497.9562874916055	0.033782916326759484
500.2352071627987	0.03344895117049357
502.51412683399184	0.03311963373667698
502.79899179289106	0.03307879167497639
505.3627764229833	0.03271439587738836
507.78412857362605	0.03237543227142187
509.77818328592	0.0321000012199691
511.62980551876456	0.03184719984855652
513.9087251899576	0.03153990555912688
516.1876448611508	0.031236785001026324
518.466564532344	0.030937765066049047
520.7454842035371	0.030642774214996924
523.0244038747303	0.03035174243778073
525.3033235459235	0.030064601214699532
527.5822432171166	0.02978128347885145
529.8611628883098	0.029501723579643584
532.140082559503	0.0292258572473609
534.419002230696	0.028953621558761713
536.6979219018892	0.028684954903663334
538.9768415730824	0.028419796952489303
541.2557612442756	0.028158088624741867
543.5346809154688	0.027899772058374253
543.6771133949183	0.027883738590098104
548.0925202578551	0.027393088676124513
550.3714399290482	0.02714461196473914
552.6503596002414	0.02689930716830426
554.9292792714346	0.026657122087041994
557.2081989426276	0.026418005573152107
559.4871186138208	0.026181907505708004
561.766038285014	0.02594877876624914
563.760092997308	0.025747189028258455
564.1873904356568	0.025704279153552577
568.4603648077493	0.02528068150545713
575.0834751021545	0.02464335165346857
586.4780734581203	0.023598851317526308
598.22875301271	0.02258600810261842
609.6233513686757	0.02166149828161246
622.1574095602382	0.020705072381337623
635.8309275873971	0.019728312780501803
649.5044456145561	0.0188153554914901
663.1779636417151	0.01796091421528555
676.851481668874	0.017160230363249523
691.6644595316295	0.016348518591888447
707.6168972299816	0.015533674669196489
724.7087947639304	0.014722810896991463
742.9401521334756	0.013922198654856966
762.3109693386175	0.01313724481210612
782.8212463793559	0.012372497217823703
803.3315234200943	0.011669082709940326
824.9812602964292	0.010986280313550048
848.9099168439575	0.010295396502458235
875.1174930626788	0.009607012298523414
903.6039889525933	0.008930183032250509
933.2299446781043	0.008295496831421875
963.995360239212	0.007701716304931782
997.0396954715128	0.00712860320561782
1032.3629503750067	0.006580301510119791
1071.1045847852904	0.006044933077829609
1114.4040585379605	0.0055165153154507415
1161.1219117974201	0.00501660881479939
1213.5370642348628	0.004528566658637725
1271.6495158502885	0.004062254754836339
1333.1803469725037	0.0036390549590878834
1401.5479371082984	0.00323826868529889