 t [day]	Mdot [M_\odot yr^-1]
5.461262997947005	0.04343079399138367
7.664515414518038	0.19359420482225315
10.255006134507136	0.5079592818976034
11.821763408452435	0.9547535869821626
14.060623944800403	1.6465064062393637
15.638508756202695	2.2361237244956724
17.57470027372032	3.0393519164261384
19.523132082440643	3.8179174895145414
21.397009390199084	4.3384684771651445
23.249744376789224	4.447554393455258
25.013459063723385	4.1879939903879455
26.74045287704945	3.752784926456891
28.459657414155615	3.28950987274165
30.181087458753186	2.8681442974438416
31.921434317027646	2.505239275564158
34.43737053605486	2.084703347065679
36.309022336321895	1.8362664231253043
38.10500688188135	1.637764964413743
39.84980475513862	1.4746855909785972
41.58570059843027	1.335881193223427
43.32604745670474	1.215835563337856
45.05304127003081	1.1122697904702108
46.89798698040105	1.0157870072966673
48.7318051533143	0.9319353165244376
50.40761229433817	0.8641273997869791
52.221400899828815	0.7987756987595861
53.897208040852696	0.7447626506113527
55.64868243658416	0.6939363202073513
57.391254801210565	0.6483198705526954
59.429819662193104	0.6003750928668408
61.37936422465913	0.5592549044591476
63.12861311289919	0.525783527372415
64.88231301612204	0.49508881718550496
66.64046393432771	0.4668709115767047
68.34965368772258	0.4416269341580986
70.20572693554982	0.41639712917516086
71.89711262901349	0.3951837336941903
73.60630238240836	0.3752980791447914
75.35555127064842	0.3564077934736898
77.17601639861327	0.3381699208168062
78.97867746664691	0.3214051137989978
80.77243650471497	0.3058839508148668
82.6863729473186	0.2904830655731682
84.3154444310231	0.2782361057116904
86.14926260393634	0.26531691947607094
88.18782746605834	0.2519411257948396
89.86140909959082	0.24167047565507896
91.69967828748686	0.2310662176727821
93.56020255029689	0.22099867123839326
95.27384331867457	0.212271898984061
97.12546555151901	0.2033859668149637
98.92367560456985	0.19525665186038638
100.68627753775831	0.18773155470711972
102.43107541101558	0.18068400951052455
104.17587328427285	0.174008383182295
106.20553611642926	0.16667752053711649
108.01264819944569	0.1605160210496966
109.62391562321899	0.15529285889124964
111.35090943654505	0.14995981204458164
113.1669235495271	0.14462939095909913
115.06305593219955	0.13934769588304716
117.07491470442476	0.13403945765092787
119.14908768640915	0.12886367904784293
121.32118299801512	0.12374372824325953
122.91464636185722	0.12017020771214368
124.70395438494248	0.11633028843645232
126.67130300733969	0.11230700101434794
128.37159073076896	0.1089876971943833
130.15199672388863	0.10565977194680304
132.03922707659547	0.10228797009755383
133.80182900978392	0.09927551803286737
135.56443094297236	0.0963877950118788
137.35373896605762	0.09357706839033803
139.0629287194525	0.09099985479523806
140.87004080246896	0.08838342928572894
143.02433205414374	0.08540198707712209
144.64450150788264	0.08325310635848172
146.3180831414151	0.08111319529829635
148.27652973384673	0.07870697442681844
149.84328700779201	0.07685437687605609
151.73051736049885	0.07470403298140355
153.5821395933433	0.07267635870922357
155.6652146052933	0.07048737752405257
158.264607355248	0.06788484193916945
159.52869561036294	0.06666831034922985
161.8076152815561	0.06455199828516549
163.23194007605184	0.06327739495806702
164.9767379493091	0.06176410492535633
167.0420089013279	0.060038328162267535
168.9292392540347	0.05852047108299479
170.92329396632874	0.05697509488229322
172.34761876082445	0.05590641687935808
174.41288971284328	0.05440660220062277
176.47816066486206	0.05296311522369358
178.04491793880737	0.051903954939992565
179.9677564113766	0.05064458537570787
182.10424360312018	0.0492953904768294
183.77782523665266	0.04827375766691286
185.80748806880905	0.04707447170220858
187.73032654137828	0.045976785424176374
189.83120561325947	0.04481835826921933
192.03890904472786	0.04364496480808018
194.13978811660905	0.042568234218929225
195.49289667137998	0.04189450756048511
197.16647830491246	0.04108185318834292
200.22877661307825	0.039651453678149214
201.6887095274364	0.038994173785891276
203.6827642397304	0.03812099651028221
205.2139133938133	0.03746912294252143
207.2791843458321	0.03661448438211071
210.16344205468596	0.03546624326502811
210.66195573275945	0.03527294000525988
212.44236172587912	0.0345945596087574
214.93493011624665	0.033675319469343094
216.46607927032954	0.0331276201739671
219.24351261959617	0.03216566474567358
220.06249937643122	0.03188952222450534
221.62925665037653	0.03137047025721748
223.62331136267056	0.030726893613344138
225.40371735579018	0.030167858919927813
226.9704746297355	0.029687671290797475
228.5372319036808	0.029218163825242005
230.74493533514914	0.028574124843364423
232.38290884881926	0.02810911554802709
234.80426099946197	0.027440975959321347
236.2998020336825	0.027039404834717725
238.29385674597654	0.026516707390526372
240.0030464993714	0.026079909280362353
242.139533691115	0.02554799388784792
244.84575080065687	0.024895854199321596
247.12467047185	0.024364668681097046
249.26115766359362	0.02388101776840388
251.82494229368592	0.02331823750062824
252.67953717038336	0.023134779157838754
254.1038619648791	0.02283348667966884
255.74183547854915	0.022493761273592764
258.3768363483662	0.021961952847026168
260.2996748209355	0.021584940893945827
261.58156713598163	0.021338623275878238
263.2195406496517	0.021029581295944007
265.21359536194575	0.020661758838820203
267.2076500742398	0.020302889597485607
270.6260295810295	0.01970771482501267
272.3352193344244	0.019419266482852304
274.0444090878192	0.019136697013145368
276.0384638001132	0.01881425781127757
277.7476535535081	0.01854390444984465
279.02954586855424	0.01834469618911652
281.73576297809615	0.01793387204831045
282.8752228136927	0.01776474175329855
284.58441256708755	0.01751520456486319
286.2936023204824	0.017270545286241307
287.7179271149782	0.017070300294096313
289.71198182727215	0.016795374494636986
291.1363066217679	0.016602777560340867
293.13036133406194	0.01633829420058549
295.4092810052551	0.016043187877966596
296.2638758819525	0.015934444004460823
298.5427955531457	0.01564945196243555
299.9671203476414	0.015474939837972242
302.24604001883455	0.015201331877470511
303.2430673749816	0.015083752577695073
305.8068520050739	0.014787182937554683
307.80090671736787	0.01456212258946036
309.93739390911145	0.01432626286155982
311.9314486214055	0.014110915167431608
313.64063837480035	0.013929914115828513
317.62874779938835	0.013519999982821424
318.1984777171867	0.013462820915318132
320.33496490893026	0.01325138148768871
322.4714521006739	0.013044550594885719
324.75037177186704	0.012828865731443942
327.1717239225097	0.012605117131588434
329.02334615535415	0.012437674720236528
331.3022658265474	0.012235823755937767
335.86010516893367	0.011845619476801546
336.71470004563105	0.01177439496908276
338.5663222784756	0.01162211173500972
342.1271342647148	0.011336889108131628
343.12416162086186	0.011258778168000722
344.9757838537063	0.011115694317800844
347.25470352489947	0.010943049498354685
351.81254286728574	0.010608808352989507
352.23984030563446	0.010578206427491505
355.3733548535251	0.010357508415140517
357.79470700416783	0.010191342416999122
359.21903179866354	0.010095329614481568
361.21308651095757	0.009963017468472543
365.20119593554557	0.009705551468951268
366.055790812243	0.009651588992706383
368.33471048343614	0.009509717560353622
370.32876519573017	0.009387952801253605
372.60768486692336	0.009251437035170364
374.31687462031823	0.009150858929856483
377.16552420930964	0.008986585192242855
379.44444388050283	0.008858109635390535
381.72336355169597	0.008732178292382715
384.0022832228891	0.0086087267394297
385.85390545573364	0.008510205128915874
388.9874200036242	0.008347020755159832
392.5482319898635	0.008166825426636427
393.40282686656093	0.008124385588738521
395.68174653775407	0.008012703180113335
398.24553116784637	0.007889599082828332
402.2336405924344	0.007703279666723846
404.51256026362756	0.007599552538415971
406.7914799348207	0.007497759272957926
409.0703996060139	0.007397853786804152
411.34931927720703	0.007299791333766139
413.62823894840017	0.007203528459260943
414.76769878399676	0.007156058626723574
418.18607829078655	0.007016233823580259
419.32553812638315	0.006970470402605184
421.6044577975763	0.006880181484593628
423.31364755097115	0.006813529230978616
425.1652697838156	0.006742332001497122
429.43824416730274	0.00658193287608919
431.8595963179455	0.006493388695760013
434.1385159891386	0.006411559228486331
436.4174356603318	0.0063311569588284725
438.69635533152496	0.006252150083122715
440.4055450849199	0.006193792009103603
441.2601399616173	0.006164896787462226
445.2482493862053	0.006032501550667212
447.8120340162976	0.0059494700721813175
450.0909536874908	0.005876992364682693
452.36987335868395	0.005805736417046169
453.50933319428054	0.005770558354333496
455.7882528654737	0.005701085932924715
458.0671725366668	0.005632770784496279
460.34609220786	0.005565588284084448
462.62501187905315	0.005499514444494371
466.0433913858429	0.005402431469139099
468.322311057036	0.005339028349205022
468.89204097483434	0.0053233392645645455
472.88015039942235	0.00521528912036654
474.8742051117164	0.005162404842354263
475.3015025500651	0.005151169527087393
478.43501709795567	0.005069806176022838
481.995829084195	0.004979499475168378
483.1352889197916	0.004951073512496111
486.55366842658134	0.004867136348009931
488.8325880977745	0.004812273069626225
491.1115077689676	0.004758265225682218
493.3904274401608	0.004705095783625113