 t [day]	Mdot [M_\odot yr^-1]
3.631043741212091	0.09040564836734906
4.5746589175655075	0.17650674222130827
5.656255558385698	0.31893923711132766
6.726724661748892	0.5071858622319012
7.786066227655087	0.738592366414504
9.259352186961603	1.128915145196684
10.113947063659037	1.3873158322343708
10.843913520838095	1.6236710948772342
12.108001775953051	2.059993347041632
12.566456319181363	2.2246227375373056
13.78158340948553	2.670536706983068
15.299379518620034	3.2311524059113204
16.46999645909621	3.651704412022454
17.60055426472719	4.037191203557666
18.624287710770993	4.361905200036394
19.323097063070456	4.5677056155447975
20.222202089595882	4.811467539727508
21.134660161069707	5.03300238735441
22.018186635155338	5.2214528400205005
23.02856703625074	5.404167071969422
24.51298053301425	5.6050390871289295
25.487752814247266	5.689406759205737
26.685075844620233	5.736704454887209
27.297090404755114	5.735878446219569
28.265186163513928	5.700107626657033
29.308949176980324	5.616723245790701
30.130161441306765	5.521902513759671
31.09603169257418	5.382607304352493
31.96175410672861	5.237097556336268
32.83192753586584	5.075794461890859
33.69987545751167	4.903990011255709
34.61678454396829	4.714673340623582
35.50031101805393	4.528013192670455
36.41722010451055	4.332880783102294
37.44985558051995	4.114469790924931
38.2421362474582	3.9495880017198335
39.15236881144062	3.7644934974102364
40.064826882914446	3.584736885927536
41.10636438888944	3.3877650062838787
42.26585379190862	3.179820220958631
43.64566843657635	2.948830236994665
44.95871785650209	2.745947103753234
46.060344064744875	2.5883133703359866
47.12636215312527	2.446361015536282
48.28585155614445	2.30326167998114
50.250974671050265	2.085732597408168
51.303639714482266	1.9810787920472426
53.85852231460897	1.7573189902450415
54.56178268189123	1.702461865248517
55.57661409796944	1.6278682960225832
56.53135681035553	1.5622680261776842
57.653012584596596	1.4903982659470025
58.81695300259857	1.421238731070963
59.77392122390039	1.368147718747533
60.57955493578703	1.3258794526732751
61.48311097729525	1.2809209569223012
62.471236303476665	1.2345002434637318
63.33028219515689	1.1963018811440642
64.29615244642432	1.1555715747406186
65.18635544298414	1.1199628267095416
66.09881351445796	1.0852477635575617
67.02017361589738	1.0518988328608565
68.17743751142515	1.0122568832598327
68.85844280379342	0.9900180314684112
70.17594323870198	0.9491103268177704
70.80798736625945	0.9304142588479326
72.26792028061756	0.889350098212109
73.90144277930486	0.846622845837296
74.97858840514223	0.8201407982377
76.64771902369192	0.7815188052464253
78.33020268719	0.7452936842379159
80.07945157543006	0.7102276304120341
82.22484079713924	0.6704624807193222
83.20851510833785	0.6533190796419457
85.01562719135431	0.6234562226666092
86.6357966450932	0.5983452859578612
87.20552656289148	0.589863793225546
88.03341534969212	0.5778465456142525
89.00373661594233	0.5642077263653311
90.00076397208935	0.5506726293457962
91.11351771778912	0.5361124743537053
92.90282574087436	0.5138362413573259
93.39243738898229	0.5079725463179359
94.64762361413163	0.49337146807094673
95.56453270058826	0.48308249907880313
96.56156005673527	0.47223938278312977
97.58529350277908	0.4614642053114572
98.68024318854766	0.45032390180672177
99.69507460462586	0.4403382826503764
100.64759181094487	0.43125062544386306
101.43097044791753	0.4239756870967931
102.49031201382371	0.41441305953539964
103.34490689052114	0.40692096386959525
104.36864033656495	0.3981973916765432
105.232137243228	0.3910447087807006
106.47842143841176	0.381039530406247
107.42203661476516	0.3737046810331736
108.312239611325	0.36696768622588294
109.2469527577128	0.36007816673979226
110.47543289296539	0.3512997929867438
111.22320341007564	0.3461047064119526
112.05109219687628	0.34047945151080744
113.06592361295448	0.33375962872212633
113.68906571054636	0.3297264775584098
114.56146464717499	0.32419548582525226
115.82555290228996	0.31641240563693657
116.75136401871217	0.31087953391307255
117.79290152468717	0.3048179692659041
118.95016542021493	0.29827801688770256
120.06291916591472	0.29217605854961964
121.54955817016963	0.284297160664263
122.63560582597262	0.27873089125859873
123.46349461277326	0.2745912412971675
124.42491384905787	0.26989273568999417
125.74241428396641	0.26363761657088636
126.77504975997583	0.25887806863246554
127.77207711612283	0.25439772815177114
129.0183613113066	0.24895081043520717
129.79283791831364	0.2456491496483109
130.914493693979	0.2409768141427151
131.81359872050444	0.23732226792341116
133.14890321534418	0.23203861187313493
134.6444442495647	0.22631737849548922
135.56135333602134	0.22290849110797076
137.2883471493474	0.2166833663277327
137.6622324079025	0.21536828142648776
138.3565907452192	0.21295593397440693
139.8432297494741	0.20791869325403514
140.48417590699717	0.2057991605321205
141.4455951432818	0.20267707915992506
142.78089963812153	0.19845154713054208
143.9737716535117	0.19478197051399576
144.81056247027794	0.19226516259296225
145.73637358670015	0.18953419683902978
147.30313086064547	0.1850368251131573
148.81647595479717	0.18083560817644243
149.84911143080657	0.178046418049601
150.91735502667834	0.17522504287312432
151.94999050268777	0.17255781668332307
152.98262597869714	0.16994800670035637
154.10428175436255	0.16717641205602837
154.7986400916792	0.16549280505922126
155.77786338789502	0.16315922578859215
156.8104988639044	0.16074877322555536
158.48408049743688	0.1569485533606222
159.4454997337215	0.15482305927298953
160.85202046828604	0.15178665187006254
162.91729142030485	0.1474796159362157
163.0419198398232	0.147225298653522
164.05675125590142	0.14517747313289997
165.1606029716356	0.14299574214051172
166.193238447645	0.14099677239085723
167.29709016337918	0.13890363876107317
169.362361115398	0.13510455789825407
170.14573975237062	0.13370216891932066
170.9113143294121	0.1323515836999729
172.28222694411423	0.12998116474542593
173.70655173860996	0.12758187668880505
177.21395154505566	0.12193588774540065
176.66202568718856	0.12280046302085448
178.92314129845053	0.11931278042511909
181.89641930696035	0.11493743312568805
183.23172380180011	0.11304651427464767
183.1783116220065	0.11312129819211046
185.36821099354367	0.11011191617666692
190.17530717496675	0.10389337584616629
190.5848005533843	0.10338692550461616
194.85777493687146	0.09830553671481705
195.89041041288084	0.09713094732878026
196.5491606303351	0.09639204327571359
197.8310529453813	0.09497691552412271
201.51649335113896	0.09106926539046685
203.9734536216441	0.08859005078918342
206.25237329283723	0.08637540274127169
208.5312929640304	0.08423864724809012
210.8102126352236	0.08217626456443423
211.52237503247144	0.0815464914067713
213.80129470366458	0.07957670461388631
215.7953494159586	0.07790816647058192
217.64697164880303	0.0764029884606761
219.9258913199962	0.07460659277410954
222.20481099118936	0.07286964071936579
224.48373066238256	0.07118960466586259
226.7626503335757	0.06956408802682232
229.04157000476886	0.06799081726545113
229.36204308353038	0.06777364133776692
231.3917059156868	0.06642081944481791
235.80711277862355	0.06360741688818694
238.15724868954146	0.06217862675242265
240.43616836643196	0.06083629636742412
242.71508803477641	0.05953477223216387
244.9940077088183	0.05827246018942629
247.27292738001142	0.05704784206450339
249.5518470512046	0.055859471380782566
251.83076672239773	0.05470596937770072
254.1096863935909	0.05358602127406716
256.3886060647841	0.05249837276963007
258.6675257359772	0.05144182676639271
260.9464454071704	0.05041524029414481
263.22536507836355	0.04941752162587118
265.5042847495567	0.048447627569828816
267.7832044207498	0.04750456092610003
270.062124091943	0.04658736809635812
272.3410437631362	0.045695136836444473
274.61996343432935	0.0448269941421342
276.8988831055225	0.04398210425919204
279.1778027767157	0.04315966680947411
281.4567224479088	0.04235891502544559
283.73564211910195	0.04157911408603452
286.01456179029515	0.0408195595472615
288.2934814614883	0.040079575861553786
290.5724011326815	0.03935851498008631
292.8513208038746	0.03865575503289549
295.13024047506775	0.037970699081883635
297.40916014626094	0.037302773942162644
299.6880798174541	0.03665142906751729
301.9669994886473	0.036016135496040214
304.2459191598404	0.03539638485227901
306.5248388310336	0.03479168840246609
308.80375850222674	0.034201576159650186
311.0826781734199	0.03362559603574492
313.361597844613	0.03306331303772141
315.6405175158062	0.03251430850534588
317.91943718699935	0.031978179388036834
320.1983568581925	0.03145453755857427
322.4772765293857	0.030943009161537298
324.7561962005788	0.030443233994487784
327.03511587177206	0.02995486492003605
329.3140355429652	0.02947756730705003
331.59295521415834	0.029011018499375044
333.8718748853515	0.02855490731053094
336.15079455654467	0.028108933542955943
338.4297142277378	0.027672807530443523
340.70863389893094	0.027246249702512534
346.40593307691387	0.026219967547604493
355.5216117616865	0.024689059501127382
364.63729044645913	0.023282363998792546
374.89242896682833	0.021832509114255858
386.28702732279413	0.020367956212987134
397.68162567875993	0.01903957782862052
409.0762240347257	0.017831426273386946
421.6102822262881	0.016625008757681095
435.28380025344705	0.01543760445131481
450.0967781162026	0.014283424552366487
466.0492158145547	0.01317364431060503
483.14111334565484	0.01211657888075929
501.3724707123514	0.011117957745114761
520.7432879174933	0.010181256660224932
542.3930247938282	0.009262734410844839
566.3216813527509	0.008379852222509424
592.529257582867	0.007545266260341553
622.1552133083779	0.006738590241217712
654.0600887050822	0.0060017442768081145
688.2438837729796	0.005334538694748272
728.1249780188599	0.00468352829334462
774.8428312783196	0.004057540728364219
829.5369033869555	0.0034677137485692815
895.6255738515571	0.002907648601946768
975.3877623433176	0.002391254172907306
1069.9629286978338	0.0019355284557001687
1187.3272917642814	0.0015272318643547763