 t [day]	Mdot [M_\odot yr^-1]
6.259488216108149	0.022678997026945244
8.271346988333361	0.08787472972789226
11.387057476292759	0.25931657893970433
12.31286859271498	0.49703927358076677
14.787632923151298	1.0130048344452247
16.817295755307708	1.5232934834448273
19.140725576328858	2.2537488637865732
21.076917093846482	2.9170967221155273
23.814291308267954	3.772351153509204
26.26457505629888	4.2240387532622625
28.48563153271565	4.212292676744529
30.740070621503417	3.8451390351811217
32.362465582733705	3.4745990134280276
34.4321875497353	2.9922417350009596
36.12579875069038	2.6347816031066085
37.523417455289305	2.3747347878246674
39.05234110188081	2.1261089375511086
40.71702070544769	1.893683103027741
41.79416633128508	1.7618208634218255
43.307511425436786	1.5976475328331032
45.650970813880534	1.383888883801293
46.65244918501034	1.3050214107901281
48.742200719434535	1.1601449474779968
50.629431072141365	1.0485037205529681
52.57675012711599	0.9488938989647762
54.19246856587208	0.876292203347121
55.77257888476578	0.812781966892175
57.17464860577182	0.7618223395824862
58.78591603096944	0.7087349427650035
60.19243676553397	0.6666166383602963
61.66127170985768	0.6263465066533633
63.22357796882017	0.5872143880589948
64.70576595809229	0.5532269206206019
66.25026815712359	0.5207073900623214
67.92384979065606	0.48844662426089597
69.58407837924014	0.45916880306731256
72.05439169469368	0.4200067231398037
74.4935479052676	0.3858079236909064
75.23241639241225	0.376223874011097
76.65674118690798	0.35867245562021705
77.98314365178213	0.3433467996724176
79.41637047624344	0.327802847411738
80.90300948049835	0.31270563816382085
82.42525660461567	0.29824091460897184
83.8673854590426	0.28539073139879967
85.36292649326309	0.27287218363871896
86.95638985710518	0.26036755013274526
88.9415425394336	0.2458889315969978
90.43708357365412	0.23571908886497916
91.85250633818424	0.22663118184561223
93.09879053336799	0.21903258678293058
94.52311532786374	0.21078085556961007
96.46375786036414	0.200226837819443
98.66255926186693	0.18914798077747566
100.35394495533059	0.1812059509324299
102.20556718817504	0.17304121457765553
104.68033151861135	0.1629187959764433
105.95332180369192	0.15803604092195123
107.76043388670836	0.15145340406036092
109.95923528821115	0.14395619486638242
110.96516467432374	0.14070100538446645
112.94141532668655	0.13460318965621224
114.49036854070066	0.1300828690646743
116.11053799443954	0.12558203567066442
117.51705872900408	0.12185211346192114
119.10162006288057	0.11783600190278065
120.93543823579381	0.11341928111775344
122.34195897035835	0.11018973470773659
123.99773654395962	0.10655319277280796
126.18763591549681	0.1020009219388033
127.29148763123098	0.09981084993436472
129.44577888290578	0.09572571103230415
130.7988874376767	0.09328083391916474
132.57929343079635	0.09019754142906858
133.68314514653056	0.08835850681096552
137.5644302115314	0.0823007936619761
137.81368705056815	0.08193225585264012
139.5584849238254	0.07941731574145423
141.23206655735788	0.07710742034023324
143.19051314978952	0.0745244274196113
144.93531102304678	0.07232616430405932
146.4308520572673	0.07051499697282457
147.9263930914878	0.06876799463675215
149.27950164625872	0.06724022226130014
150.63261020102968	0.06576053136053937
152.1281512352502	0.06417867968621632
153.48125979002114	0.06279395868770198
155.08362518382881	0.06120877698503201
156.50794997832455	0.05984733788976692
158.11031537213222	0.05836690563082826
160.95896496112366	0.05586147148227569
161.88477607754592	0.055080302022968305
162.66815471451855	0.05443145497067466
164.37734446791342	0.05305320602694189
165.65923678295957	0.05205203255886064
166.94112909800572	0.05107764727395362
168.79275133085017	0.049715623343998955
171.00045476231853	0.048158520861610814
172.2111308376399	0.047334069398008466
173.7066718718604	0.04634319224495968
175.59390222456724	0.04513455945714352
178.01525437521	0.043648751131056526
179.04788985121937	0.04303628386580303
181.0419445635134	0.04188781240534933
183.28525611484415	0.040647351554758133
186.169513823698	0.03912809909080416
187.38018989901937	0.03851444977782788
189.8727582893869	0.03729351978966585
191.79559676195612	0.03638899777052797
192.79262411810313	0.03593224879744509
195.00032754957147	0.034949500740419866
195.99735490571848	0.034518189699482386
197.5641121796638	0.03385557230043458
199.55816689195782	0.03303811582559334
201.48100536452705	0.03227618065126523
203.19019511792192	0.03161970426819249
204.54330367269284	0.031113369915777917
206.3949259055373	0.03043896393727378
208.81627805618	0.02958796017686121
210.66790028902446	0.02895980446434784
213.37411739856634	0.02807526282843485
213.16046867939198	0.028143691503703883
215.5818208300347	0.02738177588978788
218.7865516176501	0.026417570093483212
220.06844393269625	0.02604533146909199
221.92006616554067	0.025520638695274264
224.7687157545321	0.02474219914206064
225.76574311067913	0.024477677281575915
226.9052029462757	0.024180237935536034
228.89925765856972	0.02367188645032966
230.03871749416632	0.023388160474378618
232.03277220646035	0.022903082483694923
233.6707457201304	0.02251518954967406
236.09209787077316	0.021958572482238245
240.15142353223732	0.02106811343837847
242.71520815948094	0.020531758481349444
245.5638577484724	0.019958106967147664
249.5519671730604	0.019192239550059654
253.54007659764846	0.018467096607417455
256.9584561044382	0.01787584659501261
261.08899800847576	0.017196317071584807
265.64683735086214	0.016487851987685216
269.4925142960006	0.015921539293593273
273.0533262822399	0.015421197610699815
277.61116562462615	0.014812340371191808
282.59630240536126	0.014184255142185222
286.014681912151	0.013774912005227622
289.4330614189407	0.013381896949669464
294.1333332407766	0.012866636048246399
299.40333498041076	0.012321274808540235
305.24306663784324	0.011753900245976034
311.3676632541749	0.011197225720328807
317.3498273910569	0.010688318373176051
322.4773966512416	0.010277378080341432
328.74442574702266	0.009804364544540697
335.0114548428039	0.009361067130700422
341.8482138563834	0.008908584347961539
348.969837828862	0.00846888214594995
355.8065968424415	0.008074573418377778
364.637410568315	0.007601939330431046
373.7530892530876	0.007153291522781202
381.72930810226364	0.006790221828758404
389.7055269514397	0.006452131166451554
399.9606654718089	0.00605068665282211
410.2158039921781	0.005682908042674148
421.61040234814396	0.005309459899113192
434.1444605397063	0.004936623593237126
446.67851873126864	0.0045988962882272996
460.35203675842763	0.0042656770010042104
475.1650146211832	0.003941021483729491
491.1174523195354	0.0036281723920303633
507.0698900178875	0.003348429344077547
524.1617875518361	0.0030805188974848273
544.6720645925745	0.0027963518008346077
566.321801466061	0.002533956890909237
587.9715383395474	0.0023041393605851175
611.9001948870755	0.0020820628469820613
639.2472309413935	0.00186260516897131