 t [day]	Mdot [M_\odot yr^-1]
5.3771026973991525	0.12968900514634088
6.251727141519183	0.23670248772827687
7.1541704292817085	0.39825605230507005
8.077756038212529	0.6245489831517115
8.923448884944365	0.888879817263135
9.884868121228982	1.25492010043343
10.770620102806008	1.6492086982235956
12.21052344974153	2.386306345023184
13.098500938809957	2.8843864518323836
14.611846032961665	3.775391420409468
15.039143471310382	4.031577265400381
16.000562707594995	4.60938085682468
17.5317118616779	5.525665849244492
18.386306738375332	6.034893322050123
19.38333409452234	6.630429892440028
20.52279393011892	7.317566211599578
21.395192866747553	7.8492228159733015
22.1874735336858	8.333366921077916
22.995332753063842	8.821879271445692
24.047997796495842	9.433306805850501
24.92929876309007	9.902582505069002
25.89516901435748	10.346346665606317
27.366229466172598	10.827170211672998
28.17853970053344	10.974756601167767
29.095448786990065	11.038205263492463
29.967847723618696	11.004282530222824
31.05389537942169	10.852741610510327
32.19558072250967	10.591633912219097
32.83430137254135	10.411389999082163
33.82910322119695	10.095003869336288
34.70817868029978	9.78887861865847
35.68295096153279	9.429769519640935
36.42404495616885	9.147741739205463
37.38991520743626	8.773807471289683
38.2534121140993	8.437513084391258
39.072398870934336	8.119978855685398
40.004886509830754	7.763262959548718
41.12876779298753	7.344181373701343
42.441817212913286	6.8746513818639405
43.610208645898055	6.478550626479448
45.130230262523966	5.997115216862849
45.57533176080388	5.863670403074198
47.17992266210297	5.4111544908328035
48.86240632560104	4.983686380940967
50.295633150062365	4.655525498234829
51.11016889191461	4.482866256715738
52.721436315687896	4.168714622166282
53.69175758193811	3.99582159249777
53.98997558578565	3.944983237350527
56.07750161271844	3.616957364786488
56.660584576889455	3.533396322803702
57.5730426497876	3.409050591822079
58.57007000593461	3.2815468453518157
59.473626047442835	3.1729796947787685
60.42614325376186	3.065169229905841
61.43207263702582	2.9581424150039806
62.67835682936092	2.834437558011789
63.26589080709041	2.779271878223844
64.3074283130654	2.6860590781342446
65.19318029464243	2.611087371964376
66.15014851594425	2.534189608985206
67.25400023167843	2.4503731214131927
68.26883164775664	2.377566377613859
69.4260955432844	2.2990978889895466
70.5388492889842	2.227852148267213
71.45575837544082	2.172001479158549
72.30590223715545	2.122362554212201
73.25396842849167	2.0692836071133556
74.47354653377863	2.0042892749775776
75.21241502092329	1.966592795227263
76.02249974779274	1.9266294174849603
76.89489868442136	1.8851057584391855
77.90082807053398	1.839063233848496
79.04473892111335	1.7889455631076427
80.27767007134872	1.7374150440535199
81.24799133759892	1.6985552174859968
82.27617579862553	1.658905994570802
83.55806811367167	1.6115405968035452
84.27023051091955	1.5861631786458361
85.60108399077647	1.5404269460386677
86.5803072869923	1.508105729446276
87.37258795393055	1.4827372768410287
88.93489421289304	1.4346515462867298
90.31025784257797	1.3943227112394352
91.37405042346697	1.364336431486833
92.7716691280659	1.326447547450474
94.3250733570628	1.2862263140821981
95.55355349231536	1.2557439729630644
98.42445815622081	1.1887239912784242
98.70932311511996	1.1823770287255493
100.31168850892763	1.1476315047839558
101.34877499991984	1.1259764355009727
103.03125866341792	1.092162050717392
104.17516951399729	1.0700581555199615
105.10098063041951	1.0526699388705167
106.05349783673853	1.0352312369959742
107.39770436154386	1.011370257541428
108.83093118600519	0.9868527387298006
110.8427899582304	0.9539576692463252
110.78492676345401	0.9548799124281474
112.00450486874098	0.9357301310691805
113.14396470433756	0.9183713164301285
114.27452250996855	0.9016374699183946
115.77451455917185	0.8801571699712853
116.34424447697015	0.8722067179132132
117.27895762335797	0.8594033624983001
118.17806264988339	0.8473623805165825
119.34422857537673	0.8321333793296982
119.94956661303743	0.8243963973037757
121.4005975002786	0.8063026821616276
123.21661161610932	0.7845216247959318
124.48960190118987	0.7697998245886202
124.97031151933217	0.7643534436687736
126.3501261639999	0.74905335788263
127.70323471877084	0.7345138918478321
128.75367425471143	0.7235320161781877
129.89313409030802	0.7119108145883217
130.9969858060422	0.7009326639743619
132.22546594129477	0.6890280785717052
133.24919938733856	0.6793514058372545
134.58450388217832	0.6670514294389626
135.46580484877254	0.6591268854725084
136.31149769550439	0.6516629838401994
137.46876159103215	0.6416661400417112
138.2521402280048	0.6350376262967302
139.40050209356698	0.6255172734712956
140.52215786923236	0.61643748495232
141.56369537520735	0.6081943241117422
142.68535115087275	0.5995135810048611
143.49543587774218	0.5933674885529359
144.4657571439924	0.5861382906911301
145.42717638027702	0.5791144786996958
146.468713886252	0.5716574279414863
149.0770086661723	0.5536490008310624
148.92567415675714	0.5546686414730856
150.29658677145926	0.5455415102996702
151.2491039777783	0.5393422947824109
153.59033785873063	0.5245813044793665
153.57253379879944	0.5246910717787506
154.57846318491204	0.5185472053332212
155.887061589855	0.5107280032225022
157.31138638435073	0.5024330103743658
158.29951171053213	0.4968063590211533
159.65262026530306	0.4892662011692297
161.32620189883554	0.4801950680405325
162.1540906856362	0.4758086662031048
163.47159112054473	0.46896162492817606
165.5635681624603	0.45841500686337355
166.88997062733446	0.4519270531216484
168.13625482251823	0.4459665574838688
169.04426187900924	0.4417043513507306
170.19262374457142	0.43640851302031675
171.79498913837912	0.42919053063407026
173.37064844229	0.42228127331812704
173.69112152105154	0.4208982511176523
174.7860712068201	0.41622837687625497
175.67627420337996	0.41249385088431867
176.96706854839172	0.407175300159411
177.75044718536438	0.4040019516900119
179.0501435603417	0.39882553641920077
180.33203587538787	0.3938254591706947
181.41808353119086	0.38966899626279794
182.7355839660994	0.38472223767343167
183.94626004142074	0.38026645557025784
184.95218942753337	0.3766280321102784
186.12725738299235	0.37244938797875204
187.91656540607758	0.36623035190561687
189.05602524167418	0.36235787818072684
190.4091337964451	0.357845485542483
190.5159581560323	0.3574931557135556
191.4951814522481	0.35428968467524985
192.68805346763827	0.3504501420862672
193.23997932550537	0.34869656196628784
194.92246298900344	0.3434383594978088
196.36459184343036	0.33903345398579754
197.7444064880981	0.3349044452458076
198.84825820383227	0.3316598925484387
200.02332615929123	0.32826190476235656
201.41204283392457	0.32431860341368157
202.19542147089723	0.32212806118695086
203.65535438525535	0.3181093529034525
204.5455573818152	0.31569875876298015
205.79184157699893	0.31237344773432985
206.73545675335237	0.30989338031161845
208.48025462660962	0.30539095188831483
209.5663022824126	0.3026417439443562
210.24285655979807	0.30094934618279784
211.50694481491303	0.29782804526713397
212.50397217106004	0.29540298878620713
214.12414162479894	0.29152984959057726
214.87191214190918	0.28976987903747475
215.97576385764336	0.2872030427286944
216.74133843468482	0.2854443247751213
217.7739739106942	0.28309951187873567
218.55735254766685	0.28134136002156146
219.928265162369	0.2783066846188865
220.48019102023608	0.27709981114422017
222.1181645339062	0.27356734555399226
223.47127308867712	0.27070359764439195
224.71755728386086	0.2681083759196918
225.1626587821408	0.2671911975928393
226.40894297732456	0.2646497563037773
227.37036221360916	0.26271564529442054
228.74127482831128	0.2599967396287518
229.7026940645959	0.25811680436690093
230.41485646184378	0.2567382723754018
231.3584716381972	0.2549298133885479
232.81840455255534	0.2521717471778459
233.54837100973435	0.25081058253250915
234.29614152684465	0.24942836711645477
235.02610798402367	0.2480907745353045
235.88070286072113	0.24653932583127278
237.5364804343224	0.24357714734211236
238.83617680929973	0.24129158626796332
239.44151484411174	0.24023873266220058
240.77681933610288	0.23794198955555265
241.6492182727315	0.23646028226786675
242.72636389856888	0.23465099716542331
245.04089168962443	0.23083696905162784
244.92516530007165	0.23102532337225076
246.31388197470497	0.2287810685855002
247.48894993016395	0.2269089944833283
248.5037813462422	0.2253116836393582
250.21297109963703	0.22266146241492965
252.52749889069258	0.21915053946938226
252.34945829138064	0.21941749078236703
254.12986428450026	0.21677090885746003
254.73520232216094	0.21588254920292194
255.76783779817038	0.2143803233252257
256.55121643514303	0.21325167992611102
257.97554122963874	0.21122346920128363
259.2040213648913	0.20949845171502363
260.45030556007504	0.20777100171894816
263.0140901901674	0.20428710636399985
263.19213078947934	0.20404858536200762
264.11794190590155	0.20281530043447793
265.13277332197976	0.20147682819994459
267.1624361541361	0.19884112079514393
267.2870645736545	0.19868104362259292
268.3909162893887	0.19727199090896452
269.5303761249853	0.1958338374030897
271.1683496386554	0.1937950634153953
272.11196481500883	0.19263558447949644
273.46507336977976	0.19099176069414903
274.21284388688997	0.19009271343867049
275.37010778241773	0.1887142982230267
276.6876082173263	0.18716391943188881
278.4324060905836	0.18514108116646513
279.5362578063178	0.1838788591666155
280.51548110253356	0.18277032259425166
281.9041977771669	0.1812159528511455
283.16828603228186	0.17981887127319726
284.5213945870528	0.17834185988209006
285.85669908189254	0.17690266492541798
287.3166319962507	0.17534966055582576
287.86855785411774	0.17476804945832933
289.7201800869622	0.1728385127228166
290.85963992255876	0.17166744958884197
291.2513292410451	0.17126773059614658
292.1771403574673	0.17032864303236647
293.2809920732015	0.16921932781121082
294.6697087478348	0.16783951982563908
295.73795234370664	0.166789914846938
297.9100476553126	0.16468670770717636
298.4797775731109	0.16414181469140618
300.22457544636814	0.16249024901237022
300.86552160389124	0.16188997260392038
301.96937331962545	0.16086413406513342
302.68153571687327	0.1602076008038186
304.10586051136903	0.1589068343958555
304.1770767510938	0.15884222267661052
305.35214470655274	0.1577819310442785
306.95451010036044	0.15635350606174525
308.69930797361775	0.15482056167372052
309.48268661059035	0.1541397883059462
311.4055250831596	0.15248812183727695
311.6547819221964	0.1522760036445801
313.0791067166921	0.15107252199675247
315.71410758650916	0.14888411636369964
315.7319116464403	0.14886949509773484
316.8001552423122	0.14799621939090987
318.56275717550056	0.14657232827049718
319.39954799226683	0.1459036509599264
322.14137322167113	0.14374497102508244
322.3194138209831	0.14360648393523598
325.7734014476352	0.1409595603469927
326.8950572233006	0.1401159532706421
327.7140439801356	0.13950482862836802
329.67249057256726	0.13805977500774622
330.4914773294023	0.13746221784032106
331.2392478465125	0.13692004710094657
332.2362752026596	0.13620219000489894
333.5181675177057	0.13528759549866867
334.5864111135775	0.134532533372936
336.22438462724756	0.13338712494285201
337.7555337813305	0.13232973199112338
338.25404745940403	0.1319882039862738
338.96620985665186	0.13150261805495017
340.9246564490835	0.13018111727742215
341.7080350860561	0.12965813853146313
344.6991171544971	0.12769025747336776
345.58932015105694	0.12711329129931065
347.6189829832134	0.1258124421838176
348.0818885414245	0.1255185725637987
349.1145240174339	0.12486673889766908
350.1827676133057	0.12419778814668185
351.6783086475262	0.12327030012344668
352.74655224339796	0.12261418684505125
353.6723633598202	0.12204980295520271
354.8830394351416	0.12131764829749228
356.2361479899125	0.1205071574908461
357.5180403049587	0.11974681904040187
358.906756979592	0.11893123599051159
361.11446041106035	0.11765175973915692
363.8562856404646	0.1160913276041231
365.6366916335843	0.11509464586834033
366.42007027055695	0.11466017048217639
367.16784078766716	0.11424773571483791
368.52094934243814	0.1135070611320443
370.47939593486973	0.1124477193531775
371.8325044896407	0.11172444287319336
373.9689916813843	0.11059653674037202
374.43189723959534	0.1103544051223724
377.77906050666036	0.1086269793311655
377.6010199073484	0.1087178416665079
380.0223720579911	0.10749177770091223
379.9689598781975	0.10751859978443004
381.1084197137941	0.10694855728099822
383.58318404423045	0.10572594678413011
384.1529139620287	0.10544743930688982
384.8650763592766	0.10510084281222973
386.0401443147355	0.10453266555803269
387.1083879106074	0.10402010963589273
389.5653481811125	0.10285536664787642
390.34872681808514	0.10248808692278784
391.4525785338193	0.10197386607464153
392.84129520845266	0.10133238706402735
395.0846067597834	0.1003087808173131
395.3338635988202	0.10019599838644226
397.32791831111416	0.0993004971558098
397.32791831111416	0.0993004971558098
399.037108064509	0.09854237315910468
399.39318926313297	0.09838551499055541
402.5267038110236	0.09702103520900883
402.3130550918492	0.09711317130106635
404.05785296510646	0.09636451295339382
405.197312800703	0.09588021422012108
406.0162995575381	0.09553435497003579
407.2981918725842	0.09499671924862832
409.0073816259791	0.0942868338577668
411.713598735521	0.09317885069678321
413.85008592726456	0.09231771919207371
415.63049192038426	0.09160909542093978
418.051844071027	0.09065823773682953
418.6215739888253	0.09043663277913101
420.9004936600184	0.08955819112804175
421.8263047764407	0.08920493127450538
423.2506295709364	0.08866547060918005
423.32184581066116	0.08863862448016444
424.31887316680815	0.08826403875666296
425.67198172157913	0.08775940894991513
427.7372526735979	0.0869973771301529
428.8767125091945	0.0865811292614409
430.1586048242406	0.08611636182687521
430.44346978313973	0.08601358127108333
431.5117133790116	0.08562976515230682
434.07549800910385	0.08471887206863601
433.9330655296543	0.08476910070421141
435.2861740844253	0.08429369858949833
438.9182023103893	0.08303692262282489
439.70158094736195	0.08276948290081569
440.4849595843346	0.08250331285892244
441.41077070075687	0.08219037411047331
445.04279892672093	0.08097945537986519
445.68374508424404	0.08076849849364473
449.9567194677312	0.0793826076929802
451.024963063603	0.07904161395424855
452.7697609368603	0.07848928218492006
452.84097717658506	0.0784668589587121
454.3721263306679	0.07798703338801799
456.22374856351234	0.07741253142339027
456.9359109607602	0.07719322786165277
458.0753707963568	0.07684424033007872
458.64510071415515	0.07667061709157523
459.9269930292013	0.07628207015916064
460.35429046754996	0.07615319846821747
461.6361827825961	0.0757685002375288
462.9892913373671	0.07536552443854089
464.05753493323886	0.0750496091423158
467.1198332414047	0.07415470557509152
468.7578067550748	0.07368246496697486
469.1851041934235	0.07355999899585813
470.39578026874483	0.07321463260331322
472.46105122076364	0.07263095504266916
475.0960520905807	0.07189613931315643
478.08713415902173	0.07107518459541583
480.08118887701306	0.07053550761084583
480.1524051138892	0.07051634484400082
481.6479461509583	0.07011568585985302
484.92389317829856	0.06924964654161309
486.2770017330694	0.06889651059683118
486.70429917141814	0.06878554283646204
488.6271376439874	0.06828941845388752
489.55294876040966	0.06805241399581555
491.1909222740797	0.06763604377618049
493.1137607466489	0.06715201112841446
494.6805180205942	0.06676135976640524
496.3184915342643	0.06635650313540375
496.14045093495236	0.06640033471462173
500.1997765992652	0.06541141647741833
502.5143043903207	0.06485719201784391
502.6567368697703	0.06482331083649973
504.36592662316514	0.06441875071235573
505.79025141766084	0.06408443550879855
509.3510634039002	0.06325967954777047
509.9207933216985	0.0631291619921807
511.27390187646944	0.06282075806035037
512.6270104312404	0.06251455413899233
513.4816053079378	0.06232228626454517
514.4786326640848	0.06209906541088107
516.3302548969292	0.06168760455750105
518.4667420886728	0.06121777934854593
521.4578241571139	0.06056876832069746
521.0305267187651	0.06066086636700109
523.736743828307	0.0600810147323511
524.8762036639037	0.05983928891634116
525.5883660611514	0.05968893159279441
526.1580959789497	0.059569043017228034
528.1521506912437	0.0591521932337737
530.4310703624369	0.05868099333076295
530.7159353213361	0.05862247930124526
532.4251250747309	0.05827317886722359
532.4963413144558	0.05825869073207725
534.3479635473002	0.057883838716395984
537.3390456157412	0.057285709955875994
537.6239105746404	0.057229216678966965
539.2618840883104	0.05690595374499623
543.5348584717975	0.05607510371115174
545.8137781429907	0.05563920762191195
545.9562106224403	0.055612128508565534
548.377562773083	0.05515471115520157
549.5882388484044	0.05492805901157169
551.724726040148	0.05453138703366322
552.5081046771206	0.0543869874178633
553.3626995538181	0.054230095893630176
555.2143217866625	0.05389242131386708
556.06891666336	0.05373760517956998
557.4932414578557	0.05348101608988521
559.1312149715258	0.05318814171092616
561.410134642719	0.05278453985705562
563.048108156389	0.05249720341379704
563.9027030330864	0.052348193250837866
565.8967577453805	0.05200289179415745
566.1816227042796	0.05195383420959328
568.3181098960232	0.05158804313597704
569.1014885500877	0.05145485987490388
574.7275714883458	0.05051291719555682
584.8402775292654	0.04888186187645485
595.2378485290842	0.04728361280857591
606.2051494467014	0.045678902297409764
618.1694777204655	0.044017109722903375
628.7094811997338	0.04262498396168629
638.964619720103	0.041331061480856586
651.9259753500141	0.03977580598806023
665.1721959388244	0.03827265492569424
677.9911190892858	0.036895237133826086
693.23139439039	0.03534934026319643
708.3292372120449	0.03390882551720867
724.2816749103969	0.03247744478187939
741.8008698826943	0.031004240100250678
757.7533075810463	0.029745531366374322
774.8452051149951	0.02847743346638157
793.0765624845403	0.027209310359173844
812.4473796896822	0.025949597404046815
832.9576567304207	0.024705762763027432
853.4679337711591	0.02354638349366114
875.1176706474942	0.02240609042131921
897.9068673594257	0.02129010555745161
921.8355239069539	0.020202815313822335
948.0431001256753	0.019101765542460125
975.3901361799932	0.018042999510486053
1002.7371722343111	0.01706700757937345
1032.3631279598221	0.016093518665298016
1064.2680033565264	0.015132414713636086
1097.3123385888273	0.014222030370753237
1132.6355934923213	0.013333855851298466
1170.2377680670083	0.01247382788062603
1210.1188623128887	0.01164658077435599
1252.2788762299622	0.010855552680220891
1298.996729489422	0.01006657684604392
1350.2724220912678	0.009292557638143725
1405.2513591588026	0.008554635146677153
1465.6427304454216	0.007837803105000108
1532.5859957867208	0.007140365567107643
1603.090073114259	0.006498747306771331
1680.5733419348264	0.005885427594447473
1770.733101426406	0.005271769878999397
1871.0055669589049	0.004692226370940739
1983.812090682966	0.00414417666644159
2114.8499717765726	0.0036165795517340586