 t [day]	Mdot [M_\odot yr^-1]
5.497023936522223	0.05143960120314425
6.721053056820472	0.12700837173356883
8.23439815097218	0.28966265386701495
9.863469634676663	0.5513271067948018
11.443579953570358	0.8799260599917158
13.900540224075481	1.5561607991934343
14.443564051976978	1.744484902492446
16.740287783101333	2.7296847479052624
17.565951062410573	3.138955552594915
18.912383094707312	3.815661562291575
19.940567555733914	4.311929722747716
21.99025995531292	5.201770679135406
23.48357548204203	5.736486003681293
24.436092688361043	5.998488806855785
26.18089056161831	6.243034279057584
27.832217120236788	6.1538541720372395
28.95387289590217	5.9404092831324755
31.03694790785217	5.35080510524812
32.33219326784672	4.934857806991105
33.60963456791007	4.528679154061906
34.90710543539602	4.138746664506133
36.091075420820594	3.810382651647466
37.21495670397737	3.525100511085419
38.407828719367544	3.2502196295177432
39.52948449503293	3.016579297334164
40.76909216774249	2.784089660621409
41.94193461571005	2.586582637708204
43.45527970986177	2.3602205491237265
45.38924571988799	2.110952905318441
46.375145538578	1.9986879047367943
47.70822452592635	1.860589094232633
51.429273051546424	1.5431348373726912
51.262359989691454	1.5555593559169942
53.452259361228634	1.4037471528781214
55.47302016341944	1.2826246657143512
57.413662694780406	1.1804849617370956
58.869144593016266	1.1116488220679726
60.155487923045214	1.055663203560199
61.33055587850418	1.008093293367246
62.527878908877156	0.9628053031678045
63.58722047478335	0.9251869170189512
64.9314269995887	0.8804770569240136
66.15100510487565	0.8425901961606971
67.30381798542062	0.8089198152915021
68.54565116562159	0.774790425224439
69.76968028589135	0.7431516282400622
70.91804215145353	0.715135554846962
72.1109141668437	0.687615019894427
73.85571204010097	0.6500236980988354
74.674698796936	0.6333877713675031
76.01890532174134	0.6073740156591725
77.88833161451699	0.573659983772019
81.13757255196035	0.5210958434937772
82.68652576597445	0.49842010729822067
82.9713907248736	0.49440242219313457
84.63607032844047	0.47181527168236315
86.20282760238578	0.4518654444228782
87.6805645766751	0.434122433360408
89.52328477955393	0.4133428945096654
90.80072607961729	0.3997509986538224
92.50991583301216	0.38252935630621415
93.99210382228426	0.36842778392699216
94.57963780001374	0.3630398623507229
95.79031387533513	0.35228126789058223
96.9475777708629	0.34241125766171393
98.27398023573703	0.3315697184690759
99.68940300026716	0.3205245818050003
100.70423441634537	0.3129207811544887
101.92381252163233	0.30411357784660514
103.70421851475199	0.29186891884239224
104.745756020727	0.2850244094731535
105.83180367652997	0.27812473788465314
107.63001372958084	0.26720584233485295
108.85849386483339	0.26008911916472843
110.10477806001715	0.2531378689409198
111.48459270468489	0.24574191696281883
113.33621493752933	0.23628474807400357
115.23234732020175	0.22712068559161236
116.19376655648637	0.2226637321436701
117.00385128335583	0.21900295727915017
118.39256795798914	0.2129210183706587
119.80799072251928	0.2069630489957822
121.1700013072558	0.20144829610482134
122.48750174216434	0.19630785820228702
124.27680976524961	0.18961657450481234
125.3450533611214	0.1857734501558018
126.43110101692439	0.1819773459402353
127.9533481410417	0.1768373354342494
129.28865263588145	0.172494699425679
130.66846728054918	0.16816287743864125
132.34204891408163	0.1631109430398812
133.69515746885259	0.15918077485628396
134.97704978389874	0.15557896491658213
136.2411380390137	0.15213820628182062
137.7010709533718	0.14829584970455534
138.96515920848677	0.14507808861945054
140.47850430263847	0.14135332226305786
142.4903630748637	0.13660632512221224
143.11350517245555	0.1351814467767069
144.4310056073641	0.13223680685107464
146.0689791210342	0.128700048566692
147.13722271690597	0.12646468881632214
148.5259393915393	0.12363944891291959
150.30634538465898	0.12014543345014507
151.2677646209436	0.11831615426993754
152.58526505585215	0.11587233621857466
154.3300629291094	0.11274378494716901
157.03628003865128	0.10812166158874272
157.9442870951423	0.10663050291145955
159.76030120812433	0.10373374927443142
161.6653356207624	0.10081254924779598
163.0540522953957	0.09875549982203376
164.83445828851535	0.09620362706552962
166.1875668432863	0.09432583491179614
167.64749975764443	0.09235712861938973
169.60594635007604	0.08980584347338687
171.4575685829205	0.08748401041445457
172.9175014972786	0.08571248459694059
174.69790749039825	0.08361969527350692
176.5851378431051	0.08147904699225468
178.1518951170504	0.0797600763524035
178.68601691498628	0.0791857352426019
179.96790923003243	0.07783086958213603
181.10736906562903	0.07665379785278162
183.10142377792303	0.074653485694218
184.45453233269396	0.07333778184576845
185.41595156897858	0.07242271309277835
186.84027636347432	0.0710963733855335
188.9411554353555	0.06920171849059698
190.36548022985122	0.06795745633295072
191.5405481853102	0.06695455226971912
193.32095417842984	0.06547433873385038
195.06575205168713	0.06406810302417307
196.2764281270085	0.06311725584531518
197.62953668177943	0.062077927543862
199.55237515434865	0.06064205846678887
200.9054837091196	0.05965956533823976
201.3327811474683	0.059353969850366436
203.54048457893668	0.05780971785595279
204.03899825701018	0.057468873354386385
205.89062048985463	0.05622740752783741
208.66805383912128	0.05443508947281268
210.48406795210335	0.053306510761052556
212.1932577054982	0.052274257624641614
213.58197438013156	0.05145621183050314
217.21400260609565	0.049400336366977333
217.78373252389395	0.04908841380261323
220.06265219508708	0.04786815225046106
222.69765306490416	0.04650997060710649
225.6175188936204	0.04506769425695373
226.61454624976741	0.04458967807215043
227.89643856481356	0.043985548363479565
230.745088153805	0.04268381289640477
231.17238559215372	0.04249326362018132
232.73914286609903	0.04180477766993582
234.4483326194939	0.04107155131246602
235.58779245509047	0.04059279757369125
236.72725229068706	0.0401218964645096
237.86671212628363	0.03965868281491273
239.5759018796785	0.03897792538818819
240.5729292358255	0.03858842784227643
242.46015958853235	0.037866093471918896
244.38299806110157	0.03714964529442733
245.8429309754597	0.036618418324543434
247.3384720096802	0.03608531033525338
249.19009424252462	0.035440363778937424
251.6470545130298	0.034609478315926534
253.569892985599	0.03397832453699023
256.2405019752785	0.03312843178331084
256.8102318930768	0.032951022539955827
257.9496917286734	0.03260021717514908
259.1603678039947	0.0322332525155574
261.3680712354631	0.031578985005427836
262.15144987243576	0.03135134409064547
265.7834780983998	0.030325716964446706
266.9229379339964	0.030013746382386304
268.2048302490426	0.029668186335750673
271.90807471473147	0.028701000825531044
274.6142918242733	0.02802223482085673
275.04158926262204	0.027917145639112014
276.89321149546646	0.027468154727364642
278.5311850091366	0.02707945493462611
279.59942860500837	0.026830143586236286
281.5934833173024	0.026373393111660422
283.5163217898716	0.02594332571771073
286.57862009803745	0.02527867460183244
286.57862009803745	0.02527867460183244
288.71510728978103	0.024829180414837497
291.1364594404237	0.024333337188271388
291.99105431712115	0.024161685759281747
295.1245688650117	0.023546783717837586
297.4034885362049	0.02311343902187899
299.6824082073981	0.022691324308997455
301.96132787859125	0.022280066778925987
302.24619283749036	0.022229405005847993
304.52511250868355	0.021829934878996073
307.2313296182254	0.021368673597257953
309.0829518510699	0.021061008481520125
310.5072766455656	0.020828605860201674
313.64079119345615	0.020329976984273967
313.64079119345615	0.020329976984273967
315.349980946851	0.020065118879788957
317.34403565914505	0.019762270122130516
317.9137655769433	0.019676934796583632
318.76836045364075	0.01954991019233806
320.7624151659348	0.019258013681386955
323.041334837128	0.018931942432889814
323.6110647549263	0.018851651144348173
327.02944426171604	0.01837991635802536
329.3083639329092	0.018074696242175028
331.5872836041023	0.017776630100605272
333.86620327529545	0.01748550280648103
335.5753930286903	0.017271585987414944
336.42998790538775	0.017166020921339186
337.56944774098434	0.01702668911008874
339.8483674121775	0.016752809445875046
340.7029622888749	0.016651718704043993
342.1272870833706	0.016485152296449816
345.9729640285091	0.016047088206440095
352.38242560373993	0.015352981145628322
359.6464820556681	0.01461686381774102
366.340808589798	0.013982174464326187
372.4654052061296	0.013435326392941977
379.44459669915864	0.012848577550314726
385.4267608360407	0.01237428330246607
393.40297968521674	0.011779815592534819
402.80352332888856	0.011130140482611354
411.91920201366116	0.01054787298892511
421.03488069843377	0.01000810767015016
430.1505593832064	0.009506913411534855
439.83596798577736	0.009012754848880497
450.0911065061466	0.008528562774130341
461.4857048621124	0.008033016149963145
473.7348980947756	0.00754495922565428
486.26895628633804	0.007088279693190634
497.6635546423038	0.006706662414806949
510.1976128338661	0.006319955375816184
524.1559958199242	0.0059258054512311645
538.9689736826798	0.005544920695193502
554.9214113810319	0.005172778275624365
572.0133089263752	0.004812535713715027
590.244666307315	0.004466648360939727
610.7549433480534	0.004118627725897975
633.5441400599851	0.003775843768681589
657.4727966075131	0.0034583486997202388
682.540912990638	0.0031653084982783213
708.7484892093594	0.002895649516878955
739.513904770467	0.0026193563306277892
773.6976998383643	0.0023547769945738584
810.160414577455	0.002112983046198423
851.1809686589319	0.0018815308813310877