 t [day]	Mdot [M_\odot yr^-1]
19.72970682472528	0.025602443841635163
21.11842349935861	0.071564025013829
22.63176859351032	0.13269603293680737
24.073897447937238	0.19752566958549914
25.622850661951336	0.2683414093058084
27.060528501395464	0.32952725360111706
28.56497156558157	0.38404658583737106
30.056061584819286	0.4258936132442292
31.560504649005395	0.45574767154721924
33.0671732206829	0.4747727422161469
34.549361209955016	0.4842720831978486
36.067157319089524	0.4847325161429442
37.600531980663824	0.4751588154945865
39.169514762100526	0.4551191211761619
40.74739957350281	0.42639029204475826
42.26074466765453	0.3937053247968697
43.80079585170303	0.3584649159341324
45.34529805073433	0.3237564893971109
46.898702279731225	0.29126924099748164
48.53222477841851	0.26071647465560843
50.161296262122995	0.23420151986645305
51.67019034129191	0.21299428116902874
53.147927315581214	0.19501396832640247
54.99954954842566	0.17580408226135255
56.690935241889335	0.16092250879247258
58.18647627610985	0.14949082944144657
60.25174722812864	0.135850993584152
61.74728826234915	0.12724028395206288
63.45647801574402	0.11845977147745634
65.37931648831325	0.10970320501253676
67.2309387211577	0.10220233074675811
68.79769599510298	0.09645845653841065
70.791750707397	0.08983164118365339
73.14188661831494	0.08286183128754761
74.70864389226024	0.07865155814383594
76.4890498853799	0.07423838311208145
78.91040203602263	0.06879584707111117
81.1893217072158	0.06418869503749325
83.18337641950981	0.060516336254703686
85.7471610496021	0.05622704871879523
87.74121576189611	0.05318902618977828
90.30500039198843	0.04962052772881065
91.72932518648415	0.047785869141146034
94.5779747754756	0.04439874975140641
96.85689444666876	0.04193229151982008
100.84500387125678	0.038065826505101694
102.55419362465165	0.03656356080667075
105.9725731314414	0.03380187920244076
108.25149280263456	0.03212230608830721
109.39095263823113	0.0313264676754079
111.66987230942429	0.02981603170418304
115.08825181621404	0.02773574804775956
117.36717148740719	0.026460191586647978
119.64609115860034	0.025265033823852305
121.92501082979351	0.024143741167781715
123.06447066539009	0.02360893771528417
126.48285017217982	0.022099878166068704
128.761769843373	0.021167265906736902
131.04068951456614	0.020288302643291043
133.3196091857593	0.019459080074610134
135.59852885695247	0.01867604522141367
137.87744852814564	0.01793596075420739
140.15636819933877	0.017235870521455025
142.43528787053194	0.016573069525212616
144.7142075417251	0.01594507770517405
146.99312721291827	0.015349616988750063
148.13258704851484	0.015063424119281847
151.5509665553046	0.014248068063692249
153.82988622649773	0.01373826409056037
156.1088058976909	0.013253530197363235
158.38772556888404	0.012792339685024873
162.94556491127037	0.011935029236560032
170.92178376044643	0.010618199181399687
180.0374624452191	0.009351186636039658
190.29260096558826	0.008168160198187807
201.6871993215541	0.007090001368139143
214.22125751311646	0.006126289217374162
229.03423537587202	0.005215081176176442
246.12613290982068	0.004390892466332027
266.63640995055914	0.0036325151826391857
291.7045263336839	0.0029421623446025794
323.60940173038813	0.002311820486215336
365.7694156474615	0.0017435291164225862
422.7424074272905	0.0012509391179460273
504.7835155902443	0.0008319775018410126
635.8213966866995	0.00048596013408792595