 t [day]	Mdot [M_\odot yr^-1]
5.523558843117483	0.20930019806194064
6.921177547716411	0.5797822503712777
8.89297718509643	1.2078720984907438
12.346964811748562	2.614792567963036
13.60215103689792	3.6157913967442337
16.557624985476547	5.9852848302175525
18.805387551790112	7.525804515537846
20.06057377693947	8.302239384901863
21.80982266517953	9.333764118922693
23.57910112084219	10.326405673538686
25.357281606470448	11.16582346795859
27.856526519312162	11.664585693438672
29.921797471330965	11.271706171355374
32.27638439723171	10.185229421950064
33.70516020671023	9.386999659644935
35.67695984409025	8.282962306052756
37.61982788408208	7.279766158551082
39.69622637355788	6.338798337323232
41.556750636367916	5.612219833027311
44.314154418211984	4.715730326005815
46.60642713435353	4.107936754141372
48.83638564073591	3.613638299285619
51.14201140182586	3.184438433454515
53.20283133886186	2.8585121092254866
55.156826916310685	2.591110140925265
56.732486220221574	2.4005178259049527
58.53069627327243	2.2064366543038383
60.32890632632328	2.0339614032161735
62.2739998738065	1.8682992671754493
64.33036879585971	1.7134012375928735
69.14636700724837	1.4158223162730745
69.70719489508107	1.3861017031420673
73.33922312104517	1.2137048574729699
73.90005100887787	1.1898657420147993
76.7843087177317	1.0772971904748996
78.49349847112657	1.0176893971313816
80.62108363290456	0.9498978974815941
82.79317894451054	0.887179231986109
84.5468788477334	0.840786462517923
86.46081529033704	0.7940229178189742
88.1967111336287	0.7547647999574202
90.31539426544109	0.7105106144236828
92.17591852825112	0.674646385643084
93.95632452137079	0.6427006762291824
96.50230509153188	0.6006518776136984
99.20852220107376	0.5601333991210156
101.84352307089087	0.524325515697255
103.6773412438041	0.501301698548263
105.52896347664854	0.4794884137406829
107.61203848859854	0.45652944395957734
109.57048508103016	0.43634526135469426
111.52893167346178	0.4174075154015846
114.84048682066434	0.38795045733781686
116.01555477612331	0.37820733361918923
119.36271804318827	0.3522887216809442
120.07488044043612	0.34710127910609967
121.76626613389979	0.33520816968278117
123.63569242667542	0.32272577441234573
125.46951059958867	0.3111131319104441
127.69501809098824	0.29780188143203107
131.14900571764036	0.27869425250023416
133.28549290938398	0.2677364717388161
135.77806129975147	0.2557101101515605
137.86113631170147	0.24623962553782447
140.05103568323864	0.2368116664821216
143.59404360954676	0.2226114561898958
144.92934810438652	0.21757265484742183
146.92340281668052	0.21034468481064714
148.84624128924975	0.20369354927770286
150.84029600154378	0.19710714338315413
153.01239131314975	0.1902715750844791
154.40110798778306	0.18607649220382333
156.2883383404899	0.18058307230024942
158.46043365209587	0.17454126621230265
160.5257046041147	0.16905939125174746
162.37732683695913	0.16435016975495972
164.086516590354	0.16016683844188193
166.1873956622352	0.1552290782918577
168.53753157315313	0.14995782252689063
170.35354568613522	0.1460570531471103
172.13395167925484	0.14237119616977678
174.98260126824627	0.13674323170931393
177.19030469971466	0.13259649495755785
179.46922437090782	0.12850086135739086
181.39206284347705	0.1251835448822791
183.10125259687192	0.12233601371607865
184.81044235026678	0.11957961148280859
187.16057826118472	0.11593151132879657
188.30003809678132	0.11421946045856843
191.50476888439667	0.10959258463317116
193.00030991861723	0.10752414540656653
195.065580870636	0.10475777978945783
196.56112190485652	0.10281725437193512
198.7688253363249	0.10004477034067939
201.97355612394028	0.09620565767694693
202.61450228146336	0.09546301569201306
204.14565143554626	0.09372156641226631
206.49578734646417	0.0911352415815968
208.09815274027187	0.08942960382319803
209.84295061352915	0.0876234652489303
212.6916002025206	0.08478422273178489
215.1485604730257	0.08243920097775014
217.78356134284283	0.08002532697115312
220.3473459729351	0.07777191924755765
222.34140068522913	0.076081079960901
224.69153659614707	0.07415456627108477
226.54315882899152	0.0726851473208955
228.89329473990946	0.0708789818649036
230.74491697275388	0.06950051285005412
232.45410672614875	0.06826162730326586
234.30572895899323	0.06695459559663457
236.72708110963595	0.06529840368814047
238.72113582193	0.06397782676597438
240.715190534224	0.06269485231931828
242.13951532871974	0.06180069876288422
244.3472187601881	0.06045016090739288
247.12465210945476	0.058809872495410066
247.8368145067026	0.05839947465183594
250.40059913679494	0.05695524079765861
252.6795188079881	0.05571367716517936
254.2462760819334	0.05488227920691128
256.5251957531265	0.05370408773736056
258.9465479037693	0.052491214985053505
260.9406026160633	0.05152136894008407
262.22249493110945	0.050911277645051524
265.78330691734874	0.049269433110639936
266.2106043556975	0.0490774814290444
268.34709154744104	0.048133466574725725
270.62601121863423	0.04715467140106468
273.4746608076257	0.045970439177572694
274.8277693623966	0.045422676823697036
277.5339864719385	0.044354597759561284
279.3143924650581	0.04367125292243442
281.5933121362513	0.04281817079650786
283.51615060882057	0.04211665697410308
286.2223677183624	0.04115666404451863
288.4300711498308	0.04039634332695074
290.7089908210239	0.03963222690817657
292.8454780127675	0.03893435422868361
295.1243976839607	0.03820901383106965
297.688182314053	0.03741570473357858
299.2549395879983	0.03694236129938877
302.5308866153385	0.035979711972419275
304.52494132763246	0.035411086879130825
306.8038609988256	0.034776709067019025
308.22818579332136	0.03438837827926467
310.5071054645145	0.03377972575888495
311.6465653001111	0.03348111571514281
315.34980976579993	0.032536073857995604
315.77710720414865	0.032429472522720784
318.340891834241	0.03180014457932248
320.4773790259846	0.031288848230744085
322.7562986971777	0.030756214953139457
325.88981324506835	0.03004459874668703
328.1687329162615	0.02954163181501016
329.5930577107572	0.02923331800476182
331.5871124230512	0.028809286674251703
334.00846457369397	0.028306016172897165
337.99657399828203	0.02750387526377893
338.993601354429	0.02730837842628172
340.98765606672305	0.02692324808610112
348.25171251865123	0.025583525662625957
362.49496046360844	0.023217596199486403
378.8746956003093	0.020862516034168468
396.5363230520562	0.018684900242405156
415.90714025719814	0.016648818034478322
437.55687713353313	0.014725755693143761
462.0552635988596	0.01290781782742165
489.4022996531775	0.011231841465718059
520.7374451320834	0.009666072251234213
558.3396197067706	0.008165527872626836
602.7785532950372	0.006783907073451514
656.3331655680764	0.005520233095806726
721.2823761970815	0.004391851303471358
804.4629441956318	0.0033704112734946694