 t [day]	Mdot [M_\odot yr^-1]
8.412682721169006	0.032368569669105
9.383003987419217	0.10679715745375344
12.231653576410666	0.32841478982658406
12.222751546445068	0.32643971522970683
13.931941299839938	0.741765649579594
15.836975712477967	1.2569940580609122
18.09809132373993	1.9516636825625235
19.166334919611725	2.3255316980336893
21.77908071451482	3.3890092238370273
23.601771349971063	4.214743974363122
25.170754131407758	4.876551459461678
28.12400257249499	5.55874903098573
29.788682176061872	5.493559470065174
31.51122497440514	5.163065122844532
32.7552836620975	4.832960096732042
34.2931093386546	4.389691094385525
35.71965964064172	3.9846710448282447
37.21965168984504	3.588534106912661
38.59278981203857	3.2603149655325145
39.95257488928371	2.9687218961791095
41.75968697230016	2.629392625266875
43.876144596621145	2.293185649764098
48.64763265818183	1.7212924147176065
49.94065251068498	1.6002779118556854
50.97773900167718	1.5114808013781715
52.900577474246404	1.3638947867040732
54.71659158722845	1.2421059524747289
56.283348863452666	1.148762279834264
57.712124671791734	1.071880180462934
59.04742916777093	1.0063189182186854
60.56077426192263	0.938551287581382
61.949490936555975	0.8818181224662173
63.68983779483043	0.8172465183795352
66.25362242492274	0.7335748588043784
67.24619876608695	0.7043905909473294
69.13342911879379	0.6532297924518761
71.29662240043416	0.6007889095888811
73.71797455107689	0.5488627501667598
75.13339731560701	0.5214041838998922
76.59333022996513	0.4950744370799938
78.20459765373842	0.4681495627029552
79.59331432837176	0.44657991496570876
80.9731289730395	0.4265194535490282
82.83365323584952	0.401441163589441
83.89299480175572	0.38809058434672566
85.45085004573542	0.3695788085638675
87.21345197892387	0.35011489279864705
89.51017571004824	0.32687670285594295
90.85438223485357	0.3142854270617926
92.3321192091429	0.30122739919092745
94.27276174164331	0.2852258739530321
98.06502650698819	0.25728057425081885
98.84840514396083	0.25199858230160876
100.5219867774933	0.24122174279400443
101.85729127233306	0.23308962961727045
103.72671756510869	0.22234831118786116
105.52492761815954	0.21267156232560583
107.14509707189843	0.204460307406067
108.69405028591252	0.19702721266514042
110.42104409923859	0.18918693348176552
112.27266633208303	0.18126692819703388
114.10648450499627	0.17388184359407227
116.04712703749671	0.1665259206807925
118.1123979895155	0.15917623316621926
120.08864864187832	0.15256939497699235
120.80081103912617	0.15028437114147172
122.40317643293388	0.14531847234603862
125.07378542261335	0.1375481309851817
126.81858329587062	0.13278796866869666
127.9758471913984	0.12975930528814805
129.64942882493088	0.1255508070367741
132.33784187454154	0.11918719691537165
133.47730171013814	0.11662819782611657
135.54257266215694	0.11218553885956498
136.8244649772031	0.10954833595393192
138.60487097032274	0.10602967603389175
139.8155470456441	0.10372818093357569
141.31108807986462	0.10098207467077906
143.0914940729843	0.09784580696374678
144.40899450789283	0.09561340896665732
146.1181842612877	0.09282373787786831
149.07365820986632	0.08826606574890243
149.7146043673894	0.08731972867974351
150.67602360367403	0.08592703214419069
153.88075439128937	0.08150594261550582
154.2368355899133	0.08103477461931867
155.94602534330818	0.07882613335991819
157.51278261725346	0.07687583704913264
158.75906681243725	0.07537299685453025
160.36143220624493	0.07350130050908324
164.88366342876887	0.06856132017306812
166.52163694243893	0.06688793609069385
167.94596173693466	0.06547947889885368
168.80055661363212	0.06465450110608072
170.509746367027	0.06304815190240254
174.35542331216544	0.05963462236678081
175.494883147762	0.058673502865744236
177.06164042170732	0.057387399687979436
177.91623529840473	0.05670265696001041
179.34056009290046	0.05558686552696748
181.1209660860201	0.05423533646651361
183.3998857572133	0.05257226971129548
185.89245414758082	0.05083471292265839
186.88948150372778	0.05016239770735558
188.74110373657226	0.04894676529357144
190.16542853106796	0.048039823972417746
191.87461828446283	0.046982549538193405
193.6550242775825	0.04591586764361605
195.50664651042695	0.04484247581070807
197.2870525035466	0.04384351313619251
199.42353969529017	0.042685783456229885
201.77367560620812	0.0414615590867724
203.76773031850215	0.04046137248911621
205.83300127052095	0.03946102718801864
207.54219102391582	0.038659377393077524
209.39381325676024	0.037816640747803845
211.53030044850382	0.03687614291309025
213.2394902018987	0.03614735903647392
215.66084235254144	0.03514928117634262
217.79732954428505	0.03430064085543926
218.08219450318416	0.034189680955623254
220.36111417437732	0.03331997597668191
221.5005740099739	0.032896805431212116
223.63706120171747	0.03212357001063887
224.91895351676365	0.03167189691562484
226.84179198933288	0.031011030513660033
228.55098174272774	0.03043981999287949
230.7586851741961	0.029723752962435374
232.8951723659397	0.02905321812960689
235.17409203713285	0.028361278025938377
237.5954441877756	0.02765130884013889
238.0227416261243	0.027528630135712186
240.58652625621662	0.02680844738687589
242.7230134479602	0.026228445646623928
245.42923055750208	0.025518889969158718
248.13544766704396	0.024836128442224804
250.69923229713623	0.024212845177362278
253.69031436557728	0.023513228688372464
256.96626139291743	0.022779279694306077
261.52410073530376	0.02181085083372493
265.22734520099266	0.021066255222143126
267.5062648721858	0.020625767944649116
270.6397794200764	0.020041044039576912
274.05815892686616	0.019429498936798167
277.33410595420634	0.01886786369929596
280.752485460996	0.01830593634022944
284.5981624061345	0.017701601345633252
288.8711367896217	0.017062634992381125
293.7138410909071	0.016377147058456405
297.417085556596	0.015878905100450626
301.1203300222849	0.015401800176965815
306.81762920026785	0.014706457029289658
312.23006341935155	0.014086246248371966
315.93330788504045	0.013682979813018437
319.9214173096285	0.013266691706167498
324.4792566520148	0.012812511127103347
329.0370959944011	0.01237998894232814
334.4495302134849	0.011892691897107122
340.43169435036685	0.011385048694953999
346.12899352834984	0.010929587146018084
350.9716978296353	0.010562434054550741
356.66899700761815	0.010152423555744939
363.5057560211976	0.009689503216992416
370.34251503477714	0.009255871967910183
377.1792740483566	0.008849181784912296
384.01603306193607	0.008467311058007689
390.85279207551554	0.008108339200324232
397.689551089095	0.007770524491691341
406.80522977386767	0.0073503020927265725
417.06036829423687	0.006914995922796855
426.17604697900947	0.006558073334403925
435.2917256637822	0.0062266845931667055
445.5468641841514	0.005881526738049406
456.94146254011713	0.005528968001126001
468.336060896083	0.005205618047535306
479.73065925204884	0.00490842542937677
491.1252576080146	0.004634720120116848
503.65931579957703	0.004357983440856255
517.332833826736	0.004082074509198218
532.1458116894914	0.0038103228065783754
546.958789552247	0.0035635393283682706
561.7717674178513	0.0033388366545415017
578.8636649546485	0.003103768225251979
598.2344821597904	0.002864790593934372
618.7447592005287	0.0026392684595749525
640.3944960768639	0.0024276299494699278
664.3231526243919	0.0022207152619240314