 t [day]	Mdot [M_\odot yr^-1]
6.948098728318802	0.18963893169342802
8.505953972298501	0.8557884575372485
9.578648583153093	2.2806868987128173
10.918404092975635	4.500715623504391
12.037834361149619	6.6822846970605925
13.192872749185995	9.307097714652866
14.540417535228434	12.855122776941768
15.869045507593977	16.527448112843288
17.08528535164384	19.304800509917936
18.410575062772285	20.794396451928595
19.63460418304205	20.537605224230642
20.796319093552622	19.28271923507636
22.279619836570436	17.12612363197768
23.35899096989923	15.559519870139825
24.619740963777083	13.916661186561488
25.805936456693054	12.591017361880887
27.117873122873103	11.355056989291887
28.327436444448768	10.395808146641224
29.495827877433538	9.602553582459866
30.68424887784091	8.904551837891356
31.93609684175317	8.265432772116133
33.361534389994596	7.634400246139421
34.8726539766549	7.055606775685522
35.917529743867	6.6999266893392475
37.27508931362074	6.28321475716665
38.63264888337447	5.910203353451566
39.89896264598083	5.595824183347105
41.20756105092377	5.300288656022667
42.509482933392526	5.0320465960863965
43.784698725964475	4.791179232257228
44.94641363647506	4.588458087642358
46.09477550203723	4.402087309118463
47.34105969722099	4.214024396365266
48.54728475755955	4.044709406976557
49.70454865308733	3.8928992623309626
50.83733196620971	3.7534853763861173
52.021301951634285	3.616647485900099
53.14963424977386	3.493979695376732
54.424850042345824	3.3636695598386823
55.62217307271879	3.2486975996133176
56.7527308780649	3.146166751871976
57.9990150729638	3.0393972369303213
59.260877820587346	2.9374584233851517
60.5694762255303	2.8377751103527524
61.893653182913035	2.7426599226593247
63.09987824325161	2.660669484563244
64.33948591596116	2.5806905496700745
65.56128952873954	2.5058078270073976
66.92330011347607	2.4266201919241364
68.02047530673606	2.3658947914141804
69.24672993449721	2.3010455780680226
70.44405296487018	2.2406101838028496
71.63469947276896	2.18315916404861
72.84092453310753	2.1274825877109316
74.23409222272365	2.066139934330484
75.40025814821702	2.0170823102538282
76.72666061309117	1.9636607472561047
78.03525901803411	1.9132851357008398
79.23703306338989	1.8689369869821337
80.41655203383165	1.8270917186919142
81.50705070461746	1.7898084421070728
82.67766764509362	1.7512097901882921
84.16875766433132	1.7040615905789125
85.15243197552995	1.6741298869571277
86.29411731861792	1.6404980484321554
87.60494123105228	1.6032806890778382
89.24959126719655	1.558578356080932
90.65388649426968	1.522061124641046
91.72658110512427	1.4951356529777984
92.84823688078966	1.467836095083639
94.46840633452854	1.429870199562973
95.42537455583036	1.4082210970052913
96.96097472489606	1.3746236618322796
98.14494471032063	1.3496362930680903
99.60487762467875	1.3198677317385765
100.71318035539574	1.2980033278897107
102.23542747951305	1.2689556220257963
103.432750509886	1.246871622974727
104.84372225943333	1.2216687703181286
106.06775137970311	1.200493875136397
107.30958455990405	1.1796364230018743
108.80512559412456	1.1553172581868434
109.92233035480716	1.1376962514525786
111.31104702944047	1.1164156552428697
112.73537182393622	1.0952764595585593
114.3199331578127	1.0725389782639223
115.4237848735469	1.0571640883308635
116.65894153127364	1.0403945253095641
117.90077471147461	1.023979826144828
119.08251918940779	1.0087589771981833
120.65372747833588	0.989101498452198
121.92671776341645	0.973641157798615
123.28427733317018	0.9575948233686031
125.06468332628984	0.9372115919062629
126.63144060023512	0.9198675695559602
127.7263902860037	0.9080625385517264
129.62252266867614	0.8882091389509436
130.01866300214527	0.8841528270732136
131.5409101262626	0.8688496953076528
132.62250676708277	0.8582430193207016
134.5275411797208	0.840078580631001
135.42219519126343	0.8317680991559991
137.00675652513993	0.8173810824436094
139.60169826011182	0.7946977928267539
141.08833726436674	0.7821702923681958
142.37913160937848	0.7715572084119212
143.93698685335818	0.7590636396983113
144.9785243593332	0.7508971024630274
146.26041667437934	0.7410445487067981
147.77376176853105	0.7296864941990447
149.16247844316436	0.7195157443820426
152.6164660698165	0.6952139604399785
152.84791884892206	0.6936342453350226
155.8211968574319	0.6738584071591782
156.87163639337248	0.667093976245057
159.9428367315039	0.6479477632458703
159.77369816215753	0.6489784257429227
161.4116716758276	0.6391099408244978
163.41462841808723	0.6273755481508853
164.527382163787	0.6210094432172029
166.6638693555306	0.6090816301275426
167.2068931834321	0.6061101976059077
168.2128225695447	0.6006685813109125
170.31370164142587	0.5895604625038355
170.7053909599122	0.5875269341971708
171.773634555784	0.5820393689120105
173.69647302835324	0.5723723163858762
176.5095144974823	0.5586988946297304
177.4842867787153	0.5540859508748002
180.039169378842	0.5422885839566229
181.0851578997998	0.5375775109817645
182.81215171312587	0.5299452427444479
186.58661241853954	0.513871794589177
187.44120729523698	0.5103436887502928
189.72012696643012	0.501127608843287
190.07620816505406	0.49971231253124365
191.74978979858656	0.49314756859641834
193.31654707253185	0.4871292943747051
195.20377742523868	0.4800386649877335
196.59249409987197	0.4749286020055604
198.69337317175322	0.46736591155298707
200.1889142059737	0.4621019445248026
203.39364499358908	0.4511441304869282
206.13547022299335	0.4421032266630059
207.66661937707627	0.43718290202196924
208.52121425377368	0.43447557696584477
209.74969438902627	0.4306316517251452
211.1384110636596	0.42635301953445387
212.50932367836174	0.4221971372548549
215.85648694542667	0.4123244622599078
216.7110818221241	0.4098642637474196
219.84459637001473	0.40104592584893917
221.5537861234096	0.3963659925818875
222.07900589137986	0.39494581459429856
223.5923509855316	0.3908999887133957
224.4558478921946	0.38862177234617645
228.10568017808993	0.37922785252408
228.74662633561297	0.3776165073121584
230.59824856845745	0.37302383817698553
232.2985362918867	0.36888638970324117
235.09377370108456	0.3622454968025946
234.90683107180698	0.362683518590082
237.61304818134886	0.3564259157951481
239.0017648559822	0.35328293373074876
242.1352794038728	0.34635506323065707
243.84446915726767	0.3426691858156557
244.1293341161668	0.34206109782475586
247.40528114350695	0.33519277622314514
248.90082217772746	0.33213172741680713
249.54176833525057	0.33083378564506094
251.17974184892066	0.32755415333554977
253.10258032148988	0.3237713099467835
254.32215842677684	0.3214087822244765
255.72867916134135	0.318718831356563
258.08771710222493	0.3142888341587325
260.36663677341807	0.31010381403711873
262.07582652681293	0.3070243049836116
262.7879889240608	0.30575585692138807
266.63366586919926	0.29905141564846976
267.2746120267223	0.2979572921874987
269.2152545592227	0.29468397523118645
271.45856611055353	0.29097252450309186
272.6158300060813	0.28908754987562163
273.5416411225035	0.2875938408431104
275.46447959507276	0.28453137338307355
278.59799414296333	0.27965310251517717
279.7374539785599	0.2779128479198229
280.59204885525736	0.27661918998107954
282.8709685264505	0.2732169210650649
285.00745571819414	0.2700886841180282
286.85907795103856	0.2674243890561141
288.28340274553426	0.26540388840456375
289.9925924989291	0.2630118652666438
292.2715121701223	0.2598766019244729
293.9807019235172	0.25756482174348455
296.2596215947103	0.2545340457061282
298.53854126590346	0.2515608085338557
300.81746093709666	0.24864359984908802
303.0963806082898	0.24578095986104773
305.375300279483	0.2429714773060295
306.37232763563	0.24175869391187652
307.83226054998806	0.24000048538058838
310.3248289403556	0.23704625673394455
312.7817892108607	0.23419158472903262
314.4909789642556	0.2322384873432122
316.7698986354487	0.22967518925586608
319.0488183066419	0.2271574965216656
321.32773797783506	0.2246842875402891
321.8974678956334	0.2240728078133775
324.10517132710174	0.2217286350934823
325.49388800173506	0.22027438597997914
328.05767263182736	0.21762993366147113
329.8736867448094	0.21578778379537544
331.013146580406	0.21464479890887142
333.2920662515991	0.21238806852541897
333.86179616939745	0.21182989324594623
335.5709859227923	0.21016955832602802
337.84990559398545	0.20798837367129105
338.4196355117838	0.20744880734033683
340.1288252651786	0.2058436466289852
342.4077449363718	0.20373453500525057
344.11693468976665	0.2021755812913844
346.39585436095985	0.20012684424573424
347.5353141965564	0.19911505759103998
348.674774032153	0.1981115318664418
349.8142338677495	0.19711617356466235
353.23261337453926	0.19417818829029904
355.51153304573245	0.19225871409761966
357.7904527169256	0.1903697770968634
360.06937238811884	0.18851070591932387
362.348292059312	0.18668084801714044
363.48775189490857	0.18577667511114315
365.1969416483034	0.18443364206876303
367.4758613194965	0.18266722132979518
369.18505107289144	0.18136029751393593
370.324510908488	0.1804973981122769
372.03370066188285	0.17921544514815022
374.1701878536265	0.177633599405169
373.81410665500255	0.1778956684124058
376.5203237645444	0.17591949590257341
377.7309998398658	0.17504688772635923
378.87045967546237	0.1742319858226636
381.1493793466555	0.17262047027116675
382.8585691000504	0.17142758733076383
385.1374887712435	0.169857685428429
387.41640844243665	0.1683108945582374
389.69532811362984	0.16678674459546158
390.2650580314281	0.16640919082023847
394.2531674560162	0.16380454747038925
395.6774922505119	0.1628902482668122
396.9593845655581	0.16207440746701152
400.6626290312469	0.15975424306650993
401.6596563873939	0.15913874081780371
403.8673598188623	0.15778939385900542
406.21749572978024	0.1563731824109428
407.3569555653769	0.1556939075795231
408.49641540097343	0.15501938450022837
409.63587523657003	0.1543495671183418
410.77533507216657	0.15368440994972205
413.05425474335976	0.15236789711710358
414.7634444967546	0.15139241544728402
415.90290433235117	0.15074768124324486
417.61209408574604	0.1497888540596731
419.89101375693923	0.14852564379237357
420.46074367473744	0.14821252590619752
422.16993342813237	0.14727953465827912
422.7396633459307	0.14697064176919236
424.4488530993255	0.14605020675737831
426.7277727705187	0.14483734781812463
427.86723260611524	0.1442369986556349
429.00669244171183	0.1436406529764882
429.57642235951016	0.1433439698680371
432.42507194850157	0.141875269160347
433.279666825199	0.14143938644677292
437.26777624978706	0.13943352747982996
437.83750616758533	0.13915072131098172
440.4012907976777	0.13788946222428575
442.6802104688708	0.13678373864169796
444.38940022226564	0.13596379201766648
445.52886005786223	0.1354215518720627
447.23804981125716	0.13461469999064746
449.5169694824503	0.13355088521987182
451.2261592358451	0.13276188292068997
453.5050789070383	0.13172150172995134
455.7839985782315	0.13069419027826187
456.9234584138281	0.13018536460612173
458.6326481672229	0.12942808512315077
460.91156783841603	0.12842935868150274
462.62075759181096	0.12768843050234163
464.8996772630041	0.12671117871911367
467.1785969341973	0.12574591114100292
469.4575166053904	0.12479242468115327
471.73643627658356	0.12385052063976293
474.01535594777675	0.12292000458898951
476.2942756189699	0.12200068626140566
478.573195290163	0.12109237944187652
480.85211496135616	0.12019490186275032
483.13103463254936	0.11930807510222195
485.40995430374255	0.11843172448579006
487.68887397493575	0.11756567899066798
489.9677936461289	0.11670977115307249
492.246713317322	0.11586383697827468
494.5256329885152	0.11502771585332645
495.38022786521265	0.11471666814660975
498.22887745420405	0.11368954429134089
499.5107697692502	0.1132321514930081
503.2140142349391	0.11192727093731379
505.92023134448095	0.11098891078297074
508.1991510156741	0.1102084741008886
510.4780706868673	0.10943681405755015
511.0478006046656	0.10924525435127069
513.3267202758587	0.10848437360022338
517.3148297004468	0.10717314312422967
518.4542895360433	0.1068031747512496
520.1634792894382	0.10625205330784189
522.4423989606314	0.10552429427028696
524.1515887140263	0.10498370993479623
526.4305083852195	0.1042698138242969
528.7094280564125	0.1035636752428667
530.9883477276057	0.10286517768126986
533.2672673987988	0.10217420686097436
535.546187069992	0.10149065068228211
537.8251067411852	0.10081439917387408
540.1040264123783	0.10014534444374001
541.2434862479749	0.09981348271105463
542.9526760013698	0.09931898541839519
545.231595672563	0.098665739406944
546.9407854259578	0.09818031219872804
549.2197050971511	0.09753900560331503
551.4986247683441	0.09690438588883821
552.6380846039408	0.09658955342508653
554.3472743573356	0.09612036801976562
556.6261940285287	0.09550044410979434
558.3353837819236	0.09503969309432506
559.4748436175203	0.09473450053173413
561.184033370915	0.09427964575548273
563.4629530421082	0.09367859143140635
565.1721427955031	0.09323181686684359
567.4510624666963	0.09264140327143919
569.7299821207976	0.09205695300073297
572.0089017919908	0.09147838278672714
575.4272812987805	0.09062137409000225
579.4153907233684	0.08963766021356907
582.8337702301583	0.08880800239990198
585.6824198191497	0.08812596303519801
588.5310694081411	0.08745226283379666
591.9494489149308	0.08665463222507697
595.9375583395189	0.08573866772630472
600.4953976819053	0.08471066165417847
605.0532370242915	0.08370221248651144
609.6110763666778	0.08271280773493232
613.3143208323667	0.08192259678137234
617.872160174753	0.08096645859969297
623.2845943938368	0.07985398691941605
627.8424337362231	0.0789359660551247
632.4002730786094	0.0780346698121984
636.6732474620966	0.0772045204221551
640.0916269688863	0.07655049311514313
643.7948714345753	0.0758518772559942
648.3527107769615	0.07500589780411457
652.9105501193478	0.07417485594873996
657.4683894617342	0.07335838821694592
662.0262288041205	0.07255614237610493
666.5840681465068	0.07176777701308315
671.141907488893	0.07099296113190871
675.6997468312795	0.07023137376896652
680.2575861736658	0.06948270362486055
684.8154255160522	0.06874664871210594
689.3732648584385	0.06802291601787784
693.3613742830265	0.06739953422811427
697.6343486665136	0.06674164213878887
701.3375931322025	0.06617968347158121
704.7559726389923	0.06566759428794325
709.5986769402776	0.06495283380579922
714.4413812415631	0.0642503476209914
718.9992205839494	0.0636001363741313
723.5570599263358	0.06296030534085703
728.1148992687221	0.06233062602760337
732.6727386111083	0.06171087633662121
737.2305779534948	0.06110084034915806
741.7884172958811	0.06050030811725715
745.7765267204691	0.05998247781539686
750.3343660628553	0.059399219194158165
755.46193532304	0.05875371989242442
760.0197746654263	0.05818921578243441
764.5776140078127	0.057633248518583126
769.135453350199	0.05708564004106936
773.6932926925853	0.056546217014219115
778.2511320349716	0.056014810674652846
782.8089713773579	0.055491256685181393
787.3668107197442	0.054975394994173546
791.9246500621306	0.05446706970016151
796.4824894045169	0.05396612892147236
801.0403287469032	0.05347242467065129
805.5981680892896	0.05298581273349428
810.1560074316759	0.052506152552485544
814.7138467740622	0.05203330711445619
819.2716861164486	0.051567142842295494
823.8295254588348	0.05110752949054055
828.3873648012211	0.050654340044685574
832.9452041436074	0.050207450624065904
837.5030434859938	0.04976674038816269
842.06088282838	0.049332091446192564
846.6187221707663	0.048903388769856795
852.3160213487494	0.048375701612480546
858.0133205267322	0.04785691696786844
863.7106197047151	0.04734682784822889
869.407918882698	0.04684523338357713
875.1052180606808	0.04635193860286856
881.9419770742603	0.045770674328625846
888.7787360878398	0.04520077263964405
895.6154951014194	0.04464192775671098
902.4522541149988	0.04409384435098858
909.2890131285783	0.04355623711215702
915.2711772654603	0.0430942075413275
920.9684764434433	0.04266127625964189
927.5203704981235	0.04217176696807868
933.7873995939048	0.041711715639095086
940.6241586074842	0.04121873374092094
948.0306475388619	0.04069487459539234
954.8674065524414	0.040220487346218095
961.704165566021	0.03975468104023691
968.5409245796004	0.03929724191129672
975.3776835931799	0.038847962960763094
982.2144426067593	0.03840664369832658
989.0512016203388	0.0379730898944355
995.8879606339183	0.037547113343757536
1002.7247196474977	0.03712853163910826
1009.5614786610772	0.03671716795531769
1016.3982376746567	0.0363128508425292
1023.2349966882363	0.035915414028469275
1030.0717557018158	0.035524696229233335
1036.9085147153953	0.03514054096817312
1043.7452737289748	0.03476279640248828
1050.5820327425542	0.034391315157143984
1058.5582515917304	0.03396564587873986
1066.5344704409063	0.03354808706092948
1073.3712294544857	0.033196473366487164
1080.2079884680652	0.03285053224529062
1087.0447474816447	0.03251013761889763
1093.8815064952241	0.032175166973666194
1100.7182655088036	0.03184550123873295
1107.555024522383	0.031521024668885615
1115.5312433715592	0.03114887724288046
1124.646922056332	0.0307318049661762
1133.7626007411045	0.03032328175133131
1142.878279425877	0.029923066646254
1151.9939581106498	0.029530927325150096
1161.1096367954224	0.029146639715247367
1170.225315480195	0.028769987642418844
1179.3409941649677	0.02840076249460773
1188.4566728497402	0.028038762902033273
1197.572351534513	0.02768379443322172
1206.6880302192856	0.027335669305965364
1215.803708904058	0.026994206112373548
1224.919387588831	0.02665922955722755
1234.0350662736034	0.0263305702089055
1243.1507449583762	0.026008064262186107
1252.2664236431488	0.025691553312282407
1262.521562163518	0.025342453806911087
1272.7767006838872	0.025000537296588438
1281.8923793686597	0.024702477390453947
1291.0080580534325	0.024409794689649784
1300.123736738205	0.024122355832449646
1310.3788752585745	0.023805094496367668
1321.77347361454	0.023459958125384834
1333.168071970506	0.02312235934841353
1344.5626703264716	0.022792072274920572
1355.9572686824374	0.022468879615019956
1367.3518670384035	0.022152572283805683
1378.7464653943691	0.02184294902697048
1390.141063750335	0.0215398160663983
1401.5356621063006	0.021242986764514745
1411.79080062667	0.020981081267786823
1422.045939147039	0.020724009441767745
1433.440537503005	0.020443894400418924
1444.8351358589707	0.02016943350939546
1456.2297342149366	0.01990047025900616
1468.763792406499	0.019610780398991595
1481.2978505980611	0.01932736646258683
1492.692448954027	0.019075006612694245
1505.2265071455895	0.018803062694228854
1517.7605653371518	0.018536872104409
1530.2946235287143	0.018276268154234238