 t [day]	Mdot [M_\odot yr^-1]
37.610549169774835	0.0013769606109932445
39.88946884096799	0.00424481862490246
41.02892867656457	0.006640992416545412
42.4532534710603	0.009799141129313007
43.877578265556025	0.012113272536026834
45.87163297785004	0.013991012283895037
48.15055264904319	0.01539976415260453
49.290012484639774	0.015933348444039687
50.7143372791355	0.016409567805973198
52.7796082311543	0.016676562704485195
54.63123046399874	0.01650635353221541
56.411636457972996	0.016049447519496787
58.975421088919894	0.015063143376748724
60.68461084231477	0.014291521282456653
63.24839547240707	0.013083527486955213
67.2365048969951	0.01126428997589376
69.51542456818827	0.010304254820054912
71.79434423938142	0.00941318826524326
74.07326391057458	0.008592846009885233
76.35218358176773	0.007842426035488828
78.6311032529609	0.007159675775685038
80.91002292415405	0.006541381538821668
83.18894259534721	0.005983651474607909
85.46786226654038	0.005482140387822549
87.74678193773353	0.005032252269677604
90.0257016089267	0.004629319306572921
92.30462128011985	0.0042687499231072595
94.58354095131301	0.003946141894403594
96.86246062250616	0.0036573612311883784
99.14138029369933	0.003398590794025561
101.4202999648925	0.0031663541466067473
103.69921963608564	0.0029575204429030688
105.97813930727881	0.0027692956730337613
108.25705897847196	0.0025992047682180807
110.53597864966513	0.0024450681454092314
112.81489832085829	0.0023049754029350884
120.79111717003433	0.0019030327114676828
136.74355486838644	0.0013675593643497316
159.53275158031803	0.0009199168013274861
197.13492615500516	0.0005355439874256087
266.6419761263965	0.0002537355896335312
493.39448339872126	0.00006756329638396737
1476.748321507175	6.537735276915567e-6