 t [day]	Mdot [M_\odot yr^-1]
4.633160224093079	0.051866309715502094
6.137603288279188	0.1733731088134849
7.561928082774913	0.39915958905250276
10.125712712867216	1.147713067342754
11.523331417466146	1.750964757049631
14.371981006457595	3.400817127747132
15.262184003017424	4.036541400026608
15.876424070643704	4.511329865851058
18.573739150219982	6.967153712688484
20.532185742651606	9.083592196241225
21.26660321481346	9.909493497961845
22.613035247110204	11.378921612244334
24.28661688064268	12.92243769054323
25.521773538369438	13.708809823164872
26.937196302899565	14.165318955124992
28.292530365161902	14.201953675271369
29.62783486000164	13.967261129662287
31.02322805710917	13.549723221100114
32.51876909132968	12.982675761716042
34.13893854506857	12.261333557732604
35.42973289008032	11.617324214198574
37.00539219399121	10.768004717527372
38.529864825599915	9.91081229782328
42.45120902544596	7.770772390216179
44.46084229017978	6.802169828593501
46.73976196137293	5.844114557625148
49.01868163256609	5.034236832438623
49.81986432946994	4.782293745044279
51.27534622884525	4.364370165253595
53.39402936065764	3.8383947517280843
54.871766334946955	3.5219213855767464
56.385111429098664	3.2347615268703254
57.760475058783605	3.0021710226411167
59.2649181229697	2.774764255756252
60.849479456846204	2.561795169126607
62.233745116496735	2.39512560000233
63.800502390442034	2.225423363514915
65.81681217765004	2.032468462981047
69.52895867330453	1.7376759682962333
71.80787834449768	1.5875411358870712
73.32122343864938	1.4983470282488076
73.7930310268261	1.4720681978867591
75.24406191121862	1.3954156919066918
77.95918105072609	1.2670532896174325
78.41318457897161	1.2473004626541604
79.67727283408655	1.194625794454129
81.36865852755024	1.1290938763894198
82.81968941194275	1.0769645809820045
85.695045090831	0.9834729976198185
85.92649786993654	0.9764624004393817
88.15200536133612	0.9125670202595354
90.01252962414615	0.8636432099455482
92.27364523540813	0.809066914235772
96.76026833806965	0.7143598474365355
97.65937336459508	0.6972805563538369
99.04809003922841	0.6720107512978973
100.52582701351773	0.6465128381166116
101.91454368815106	0.6237723668223966
103.3032603627844	0.6021385199068737
104.70978109734892	0.581284534327062
106.22312619150063	0.5599595661691367
107.62964692606516	0.5411093951796332
109.23201231987285	0.5206995145548936
110.78096553388694	0.5019795037846091
112.49015528728181	0.4823978632906774
114.03910850129591	0.46556288661210005
115.96194697386514	0.44578650941147296
116.97677838994333	0.4358205820954949
118.63255596354462	0.42021832321149527
122.13995576999035	0.3896552956737444
121.97971923060959	0.39098255266917176
124.0449901826284	0.37434821790971406
126.53755857299592	0.35556438909011695
128.63843764487711	0.34074336325569016
130.59688423730873	0.3276964043325373
132.60874300953392	0.31501257488773377
134.58499366189676	0.30321483557860784
136.59685243412196	0.29183291922794924
139.0004005248335	0.2790079801099026
140.24668472001727	0.2726688573995397
141.77783387410017	0.26515515162988257
143.665064226807	0.25628959177869537
145.1962133808899	0.24940092426359997
147.2258762130463	0.24066562467846322
148.2941198089181	0.23624082660611526
150.14574204176253	0.22883910502885704
151.78371555543262	0.2225616440772375
153.17243223006594	0.21742844332339836
154.91723010332322	0.21121325297424778
156.4839873772685	0.20584428288899523
158.0863527710762	0.20055089649270538
160.32966432240698	0.19345848395084717
163.14270579153603	0.1850568847362092
166.13378785997705	0.1766796704894562
167.5225045346104	0.1729722647683757
168.87561308938132	0.1694651490240611
170.5135866030514	0.16535316256475124
172.1515601167215	0.1613813105205871
175.2850746646121	0.15415157001314758
176.56696697965822	0.15132613402642292
178.63223793167703	0.1469264885595521
180.16338708575992	0.1437810614762158
182.79838795557703	0.13858787131062705
186.18115934250437	0.13230335863925766
187.10697045892658	0.13065405275096476
188.31764653424796	0.12854102405845494
189.95562004791802	0.12575873810801905
192.2345397191112	0.12202811541820882
193.87251323278127	0.11944319037203426
195.08318930810267	0.11758234961078333
197.290892739571	0.11429364326555097
198.4303525751676	0.11264723773883052
200.70927224636074	0.10945409801211167
201.84873208195737	0.1079056343656298
203.27305687645307	0.10601350313731267
205.69440902709582	0.1029035541725504
206.54900390379322	0.10183687595710937
207.93772057842656	0.10013677806980863
209.8605590509958	0.09784869547737426
212.24630308177612	0.0951117855139319
213.5281953968223	0.09368599092434365
215.23738515021716	0.0918317637813053
217.23143986251114	0.08973376744406503
220.08008945150263	0.08685301380856594
221.93171168434705	0.08505056362469222
226.63198350618296	0.0807073107671543
227.05928094453165	0.08032821395768493
229.05333565682568	0.07859214334228898
231.617120286918	0.0764374058700533
233.7536074786616	0.07470536394087712
236.1749596293043	0.07280903881245257
238.45387930049745	0.07108613207035107
239.8069878552684	0.07009044980552895
241.72982632783763	0.06870929043549467
243.08293488260855	0.06776042876972661
245.43307079352653	0.06615611121526985
246.92861182774703	0.06516313788270842
249.91969389618802	0.06323971055503201
251.55766740985814	0.06222042126500251
253.55172212215217	0.06101074911089456
256.1155067522444	0.059503949596269985
258.32321018371283	0.058248406046024576
260.5309136151812	0.05703012966542893
263.7356444027966	0.05532507608223707
266.3706452726137	0.053976826615010236
268.07983502600854	0.053127085606999726
270.50118717665123	0.05195542523872215
271.925511971147	0.05128327010990018
272.7801068478444	0.05088588316769405
274.4892966012393	0.05010410534619656
275.77118891628544	0.049528903144946734
277.76524362857947	0.0486525930837043
280.0441632997726	0.04767777246706425
281.7533530531675	0.04696473117315143
283.7474077654615	0.046151806098911244
286.16875991610425	0.04519124104051342
288.1628146283983	0.04442132461859961
290.2993018201418	0.043616878515821744
290.86903173794013	0.04340584759484715
293.0055189296837	0.042627235322736406
295.28443860087685	0.04181834623015396
296.85119587482217	0.04127479357012869
299.1301155460153	0.040501874901621784
301.6939001761076	0.03965661901504297
302.8333600117042	0.039288955319807126
304.82741472399823	0.038657064496887834
306.8214694362922	0.03803946731103204
309.6701190252837	0.0371811577759561
311.6641737375777	0.03659656823629549
315.65228316216576	0.03546579774062569
317.9312028333589	0.034841739745737385
319.0706626689555	0.03453552688463191
322.4890421757452	0.033639412818541464
323.34363705244266	0.03342053070856853
325.05282680583747	0.032988771426042895
327.33174647703066	0.03242527040833929
330.46526102492123	0.031672447735017414
332.17445077831616	0.03127220478827033
334.1685054906102	0.03081423776702379
336.16256020290416	0.030365698984780455
340.7203995452905	0.029374544251602446
346.7025636821725	0.02814173074007668
357.2425671614409	0.026141251508541345
368.9220304763058	0.02415150484430179
381.74095362676735	0.022205398413683127
395.4144716539263	0.02036510466350477
410.7971794344801	0.01854221872365767
426.17988721503394	0.0169415517668704
442.13232491338607	0.01548023566659061
461.5031421185279	0.01393433585020023
483.1528789948629	0.012452620653879988
508.2209953779876	0.0110006274707332
535.5680314323056	0.009675221849657505
565.193987146422	0.008480464357871635
599.3777822029248	0.007345677484520154
640.3983362844017	0.00624828890792183
687.1161895438614	0.00526126990696825
740.6708018169006	0.004381189219822557
809.0383919526955	0.0035335109391008454