 t [day]	Mdot [M_\odot yr^-1]
3.2786760614492403	0.06069256288120717
5.513085582871381	0.3883763592502756
7.3780608607211935	0.9132684750997085
10.093180000228669	1.9502629677086218
12.487826060974605	3.4219115154203545
13.934405930384326	4.541169971043124
16.204423571611887	6.284064350860694
18.229635388785496	7.608105627451179
20.196984011182717	8.630408646848412
21.474425311246065	9.1805756024785
23.281537394262518	9.866812402328627
24.964021057760593	10.449089976123947
27.274097833833345	11.093702291522423
29.27705457609296	11.30010961780592
30.55227036866491	11.182751180812495
32.27258765951678	10.729963924374108
34.001806980334244	10.031025247144079
35.86678225812708	9.145717800045261
37.624933176332746	8.290321234829337
40.16868823900245	7.130527314980309
41.30369705961623	6.659832574968014
44.41495653259283	5.532549665334835
46.67162112887199	4.855578435544185
48.91493268020276	4.2842038018210715
51.229460471258314	3.784858008429991
53.15674995881034	3.428038574315267
55.32439425543352	3.0805568241310253
57.28729186313281	2.8075594253666902
58.88965725722536	2.609785404195991
60.68786731027621	2.4110476935669674
62.690824052535824	2.214698114944762
64.71603586970943	2.039169444677652
67.50682226392449	1.8291221859076008
69.75458483023806	1.68243527199275
73.6091638053421	1.4686326161676297
73.86732267434446	1.4557794126871881
76.00380986608805	1.35553252859514
78.3183376571436	1.258067422384841
80.42811875899041	1.1779932376387101
83.06311962880748	1.0881387753848053
83.9889307452297	1.0589563506086377
85.84055297807414	1.0039425290103277
87.82570566040256	0.9494977909078991
89.55269947372862	0.9055774848105748
91.46663591633227	0.8602854127600901
93.18472769969271	0.8223846827024044
95.01854587260597	0.7845513237331262
97.00369855493439	0.7463764736766808
99.0155573271596	0.7103705321451291
100.90278767986642	0.678830666656695
102.80782209250447	0.6489993775292748
104.98881943407604	0.6171080915486312
107.28554316520041	0.5859003683219235
109.27959787749441	0.5606061914594554
111.55851754868758	0.5335679024611933
113.40123775156641	0.5130457782679424
115.19944780461728	0.49408696826585397
117.06887409739291	0.4754173652870933
118.94720242013413	0.45765312190217244
120.85223683277216	0.44058411792352387
122.53472049627024	0.4262508235900429
124.65340362808263	0.4091246234025375
126.48722180099588	0.3950777440248473
128.19641155439075	0.3825924722048384
129.99462160744162	0.3700511634594552
131.97087225980442	0.3569283891349285
134.01833915189204	0.3440158668347061
136.06580604397965	0.3317535367774204
138.11327293606723	0.32009946253186655
140.60584132643476	0.306677205122147
142.3862473195544	0.29757132044989926
144.87881570992192	0.2854516256397512
146.5880054633168	0.2775397919921037
147.79868153863816	0.2721214791554005
150.82537172694157	0.25921179173022435
152.1428721618501	0.2538611780478981
153.95888627483217	0.24673790738202042
155.98854910698856	0.239105610752788
157.9113875795578	0.2321784741194845
160.0478747713014	0.22480894504091317
162.39801068221934	0.21707774370629512
164.28524103492617	0.21113805119742177
166.2436876273578	0.20521367542326746
167.95287738075265	0.20023309954393106
169.66206713414752	0.19542131767952856
171.72733808616633	0.1898219048303752
173.2940953601116	0.18572391194598803
175.35936631213042	0.18051025897221346
178.0655834216723	0.17398599527913733
178.77774581892018	0.17232447084848201
180.7005842914894	0.16794870110778123
182.87267960309538	0.16319205403732337
184.7955180756646	0.15913845587485503
187.03882962699538	0.15458671593963216
189.70943861667487	0.14940418873478528
191.34741213034494	0.14634631092405007
192.87856128442783	0.14356723583790879
194.83700787685947	0.14012013670848023
197.40079250695177	0.13578190053741246
199.67971217814494	0.13208345399607502
203.45417288355858	0.12626454627659497
203.98829468149447	0.12547055519746733
206.69451179103635	0.121554325873871
208.5817421437432	0.1189249500709289
211.57282421218423	0.11491989464000227
213.03275712654232	0.11303418498589131
215.16924431828593	0.11035272752886063
217.30573151002952	0.1077605254954086
219.0861375031492	0.10566579982424966
221.36505717434233	0.10306783168109679
223.6439768455355	0.10055951943510522
224.74782856126967	0.09937560427267672
226.95553199273806	0.09706638346099639
229.12762730434403	0.09486801642397626
230.8012089378765	0.09322208838388636
232.72404741044573	0.09138062572810839
234.18398032480383	0.09001678714535634
236.17803503709786	0.08820024226007527
238.1720897493919	0.08643532813953124
240.02371198223636	0.08484106930868222
241.66168549590643	0.08346537060127653
244.08303764654917	0.08148913749072263
246.71803851636625	0.07941327100953956
248.85452570810986	0.0777849113436999
250.35006674233034	0.0766731785878848
252.34412145462437	0.07522571637899064
254.33817616691837	0.07381682571681966
256.474663358662	0.072348609152764
258.53993431068074	0.07096853114233559
260.53398902297477	0.06967133426440633
262.5992599749936	0.0683631149832099
265.7327745228842	0.06644412274167785
270.07696514609614	0.06390833033005976
270.2193976255457	0.063827540129655
273.2104796939867	0.06216404001225027
275.9166968035286	0.06071172330343264
277.05615663912516	0.060114673095904216
279.2638600705936	0.058981484642326394
283.10953701573203	0.05707911777971571
284.03534813215424	0.05663423361676077
285.45967292664994	0.055959401810583245
287.95224131701747	0.05480577088708722
290.80089090600893	0.05352846870770133
294.29048665252344	0.052020943290023186
296.1421088853679	0.0512455595222951
299.7029208716072	0.04980015648103642
301.98184054280034	0.04890549105092519
304.26076021399354	0.048033618822544144
304.4031926934431	0.04797986643134387
308.81859955637987	0.046355300995043605
309.2458969947286	0.046202277043627574
313.37643889876614	0.04475958505190453
315.65535856995933	0.04399106625807094
316.22508848775766	0.043801887562866404
318.0767107206021	0.043195031824776214
322.49211758353874	0.04179560608274131
324.4861722958328	0.04118481270331024
324.77103725473194	0.0410986009549353
329.1864441176687	0.03979471229708193
331.60779626831146	0.0391047012460694
333.8867159395046	0.03847082283536627
336.1656356106978	0.03785155756999865
338.4445552818909	0.03724647185543548
340.72347495308406	0.03665514774836144
343.0023946242772	0.036077182293692646
345.2813142954704	0.035512186893739736
347.56023396666353	0.03495978670776813
349.83915363785667	0.0344196200803094
352.11807330904986	0.0338913379966725
354.396992980243	0.033374603564205095
356.67591265143614	0.03286909151792817
358.9548323226294	0.0323744877492636
361.2337519938225	0.03189048885663664
363.51267166501566	0.03141680171681257
365.5067263773097	0.03101056141904372
365.79159133620885	0.03095314307589309
370.2069981991456	0.03008232801992705
372.6283503497883	0.029619645572976548
374.90727002098146	0.029193452478009474
377.1861896921746	0.028776006590410984
379.4651093633678	0.02836707626332677
381.7440290345609	0.02796643732833935
384.02294870575406	0.027573872811669772
386.30186837694725	0.027189172662726496
388.5807880481404	0.026812133494392845
390.8597077193336	0.026442558334482457
393.1386273905268	0.026080256387823537
395.4175470617199	0.025725042808460455
397.69646673291305	0.025376738481486173
399.97538640410625	0.025035169814050264
402.2543060752994	0.024700168535104896
404.5332257464925	0.024371571503481133
406.81214541768566	0.02404922052390245
409.09106508887885	0.023732962170565995
411.369984760072	0.023422647617945092
413.6489044312651	0.023118132478473368
415.9278241024583	0.022819276646802538
418.20674377365145	0.022525944150328932
420.4856634448447	0.022238003005706344
422.76458311603784	0.02195532508107627
425.043502787231	0.021677785963756788
427.3224224584241	0.021405264833148495
429.6013421296173	0.021137644338624237
431.88026180081044	0.020874810482183755
434.1591814720036	0.020616652505663153
436.4381011431968	0.02036306278229919
438.7170208143899	0.0201139367124611
440.99594048558305	0.019869172623368063
443.27486015677624	0.019628671672619377
445.5537798279694	0.01939233775537764
447.8326994991625	0.019160077415045284
450.1116191703557	0.018931799757288433
452.3905388415489	0.018707416367266663
454.66945851274204	0.018486841229932265
456.94837818393523	0.018269990653273397
459.22729785512837	0.018056783194375627
461.5062175263215	0.017847139588188236
463.7851371975147	0.017640982678880503
466.06405686870784	0.017438237353685156
468.342976539901	0.017238830479123973
470.62189621109417	0.017042690839522236
472.9008158822873	0.01684974907771712
475.17973555348044	0.01665993763787187
477.4586552246736	0.016473190710312797
479.73757489586677	0.016289444178307144
482.0164945670599	0.016108635566705488
484.29541423825304	0.015930703992374305
486.57433390944624	0.015755590116349524
488.8532535806394	0.015583236097642462
491.1321732518325	0.015413585548633995
493.4110929230257	0.015246583491996821
495.69001259421884	0.015082176319083642
497.968932265412	0.014920311749729012
500.2478519366051	0.014760938793407471
502.5267716077983	0.01460400771169696
504.80569127899145	0.014449469982000135
507.0846109501846	0.014297278262472908
509.36353062137783	0.014147386358116947
511.64245029257097	0.013999749187992384
526.4554281553264	0.013092125456095989
553.8024642096444	0.011626112455263618
583.4284199209122	0.010291060763887128
617.6122149745664	0.009009398253930826
656.35384938485	0.007818161313288073
700.7927829731167	0.006713191748025368
753.2079354105593	0.005678574183088606
815.8782263683713	0.004719475738073961
893.3614951889386	0.0038276344894759206
989.0761213790513	0.0030281125949137883