 t [day]	Mdot [M_\odot yr^-1]
8.731631688080403	0.19487750334455708
10.725686400374418	0.45418328812589137
12.448229198717685	0.873405769549993
13.730121513763837	1.3800968523552266
15.341388937537126	2.1814051424368843
16.845832001723235	3.0470149802894686
18.697454234567676	4.218602168354973
21.599516003352715	6.2199699230223375
22.943722528158055	7.198663558374166
24.652912281552926	8.454773217101865
26.150678823264833	9.496666986009492
27.964467428755484	10.518494417219634
29.4199493281308	11.002781413219367
30.81756803272973	11.109568499638478
32.34649167932123	10.8371351265675
34.14247622488068	10.133051056613047
36.22555123683068	9.062869162979613
37.180293950641094	8.550760896864158
38.66915846238741	7.775276356515836
40.11351282430573	7.075213510025363
41.47552340904227	6.47313297747689
42.830857471304604	5.931563598899869
44.40651677521551	5.370516863787665
46.05339231885118	4.855450801913332
50.809301827972064	3.696958120054324
51.318943043502564	3.5962844358065222
53.16388875387281	3.262197482216275
54.78850922259449	3.0029458678229988
56.88716278755402	2.7090705116577554
57.74620867980398	2.6004362993787624
59.27735783388688	2.4215728708708393
60.60821131374383	2.279962137473302
62.09039930301594	2.135715040261568
63.630450487064444	1.9992205305321356
64.93904889200739	1.8928102560875109
66.50580616595269	1.7757399297606946
68.11262257474317	1.6661360933293623
69.63486969886048	1.5710131543744077
71.28174524249616	1.4766220870618947
73.6541362283281	1.354343595357911
77.7846781323657	1.1736647496558843
78.26538775050801	1.1549184950314073
79.74312472479733	1.0999056733730472
82.34696848973482	1.0117253344790424
84.38553335185684	0.9495887386612767
85.48493405260822	0.9183252581392202
87.23863395583108	0.8714241758921353
88.6941158552064	0.835056387443082
90.56354214798203	0.791447521330088
91.91665070275296	0.7618842329224824
93.74156684570062	0.7244487863292821
95.32612817957711	0.6940349358332264
97.22226056224955	0.659976961917953
98.9759604654724	0.6305556666741002
100.71185630876407	0.6032358995377236
102.35873185239974	0.578845574808267
103.86317491658586	0.557770169619481
105.2518915912192	0.53926905023822
107.18363209375401	0.5149490217914329
110.99370091903008	0.4713338785581687
112.69398864245935	0.45354548885927554
114.5278068153726	0.43540510314611724
116.46844934787302	0.4173040170089456
117.83936196257517	0.40515086738791534
119.42392329645166	0.3917165569967397
120.97287651046577	0.3791831430064643
122.3615931850991	0.36842134276847155
124.28443165766832	0.3542177019332151
126.15385795044396	0.34113649791633205
127.61379086480208	0.33138855291629077
129.6434536969585	0.31847553799523437
130.90754195207344	0.3107881721205531
132.52771140581234	0.3013113466211363
134.55737423796873	0.29000242247372304
135.69683407356533	0.2839134074538738
137.51284818654736	0.27457411465770304
139.18642982007984	0.26634462154507677
140.71757897416273	0.25911546891995224
142.10629564879608	0.2527945844004371
143.69085698267256	0.24584331390266367
145.70271575489778	0.23739778223201846
147.2872770887743	0.2310296356739839
148.7472100031324	0.2253722774494636
150.84808907501358	0.21756642677746693
152.1655895099221	0.21286333321519196
154.12403610235376	0.20613158724572117
156.90146945162041	0.1970857674356524
158.21896988652898	0.19298852785050558
159.55427438136869	0.18895662719655423
161.121031655314	0.18437471634520874
162.6877889292593	0.17994691382407382
164.45039086244776	0.17514163239961314
165.8213034771499	0.17152755577053092
167.370256691164	0.16756855951009406
169.07944644455887	0.16334695606551514
170.18329816029302	0.16069929490514379
172.0349203931375	0.1563912807418398
173.1031639890093	0.15397917840777287
175.1328268211657	0.14953768346424273
176.34350289648705	0.14697342656399304
177.98147641015714	0.1436011558752483
179.7262742834144	0.14012698738172888
181.32863967722207	0.1370392731579103
182.93100507102977	0.13404604810097787
184.60458670456225	0.13101668771595093
186.59864141685628	0.12753104027086204
188.87756108804942	0.12370454189532909
190.51553460171954	0.12105295672602104
191.86864315649046	0.11892222971267367
194.14756282768363	0.11545080624407104
194.78850898520668	0.11450009100857866
196.46209061873918	0.11206884631009793
198.10006413240924	0.10975885816839283
201.69648423851095	0.10491591918430014
201.76770047823572	0.10482307167705658
203.5481064713554	0.10253886569619124
205.32851246447507	0.10032389657592117
207.78547273498017	0.0973760250782461
210.70533856369642	0.09402849976022026
213.51838003282546	0.09095428663128456
215.5124347451195	0.08885996122034387
217.5064894574135	0.08683275380002524
219.64297664915708	0.0847321238516768
222.4916262381485	0.08204076938779488
224.20081599154338	0.08048333852834914
226.40851942301177	0.07853250864106688
229.39960149145278	0.07599395660521757
230.89514252567332	0.07476782220177561
231.82095364209553	0.07402269565939497
234.17108955301347	0.07217753261369424
236.09392802558273	0.07071564921746637
238.08798273787667	0.06924326820625028
240.0108212104459	0.06786402722856315
242.78825455971258	0.06593918840756638
243.07311951861172	0.06574613422955974
245.2808229500801	0.06427661408919864
246.99001270347497	0.06317051629396246
248.8416349363194	0.062002279813405156
249.981094771916	0.061298453610293444
252.11758196365955	0.06000882051973913
255.96325890879803	0.05778211979262563
257.2451512238442	0.05706578311226185
258.8119084977895	0.056207163128303664
261.23326064843224	0.0549156704725555
263.3697478401758	0.05381063584270949
267.21542478531427	0.051899289142025413
268.63974957981	0.05121569299360735
270.34893933320484	0.05041205177501119
272.0581290865997	0.049626114592325306
274.1946162783433	0.04866783290009627
277.32813082623386	0.04730904265401542
278.3251581823809	0.04688795065236953
281.3162402508219	0.045656025468165745
281.67232144944586	0.04551242751474758
283.951241120639	0.04460835821906473
285.23313343568515	0.04411095441308626
286.4438095110065	0.043648361426706486
288.2242155041262	0.04298046122227335
290.6455676547689	0.04209511424398427
293.280568524586	0.041160712305005245
295.5594881957792	0.04037609998865136
297.4111104286236	0.039754116891981446
299.9748950587159	0.038915103551484455
303.3932745655057	0.037834960272954264
304.1054369627535	0.03761529120953095
306.954086551745	0.0367544694666073
309.2330062229381	0.036085797269520624
310.3724660585347	0.03575792072681364
311.93922333247997	0.035313952958365896
313.64841308587484	0.034838495005169126
317.6365225104629	0.0337638548888166
319.34571226385776	0.03331767408991048
320.6276045789039	0.032988515050354196
324.33084904459275	0.03206316282905534
325.89760631853807	0.03168275056183089
327.606796071933	0.03127503036040128
329.600850784227	0.030808720645677287
331.31004053762183	0.03041685555466088
333.8738251677142	0.02984222578795495
336.58004227725604	0.029252280902039254
336.8649072361552	0.029191149081139726
338.7165294689996	0.028798188163797266
340.99544914019276	0.02832480022806158
346.9776132770748	0.02713365294751278
356.94788683854495	0.025301556059512946
368.0576202356116	0.02346104767345236
378.5976237148799	0.021886569756145773
391.13168190644234	0.020203699895675643
404.5203349747021	0.018603260335691815
417.6241230840628	0.01720692706214582
433.57656078241484	0.015701401928279332
450.66845831636357	0.014289554092459824
468.18765328866095	0.013024214908520541
488.1282004116011	0.01177130649165933
511.62955952078056	0.010506160519703963
536.6976759039053	0.009362026358050704
564.0447119468287	0.008308380647042639
595.9495873321383	0.007283102507256303
631.2728422356323	0.006348822198117495
671.1539364815126	0.00548947246192957
719.011249576569	0.004664951496401794
774.8447815208013	0.003912933533398038
842.0729118209996	0.003221462890129596