 t [day]	Mdot [M_\odot yr^-1]
5.452050507307734	0.06448810448166516
6.413469743706295	0.2257407107820376
7.054415901229372	0.44925941960311055
8.033639197445181	1.0338469421845253
8.76805666960704	1.6388770386423224
9.75173098080565	2.5635040961766298
11.104839535576588	4.112182617768044
11.774717290487859	5.080917629112961
13.061060620516809	7.308990482958725
13.936797818382539	8.990736103583268
14.95719300318924	10.916273229003265
15.885229627102861	12.415373055030342
16.844423355896076	13.478422960426428
18.165262052041722	13.891884917877656
18.85294386688419	13.65773111851572
19.812137595677402	12.981742824652274
20.726821174642623	12.138144788035484
21.579190543848657	11.30774336352191
22.493874122813885	10.449589602649565
23.413008716761905	9.659190338365327
24.304324467067435	8.971462482392926
25.30914109943434	8.285077732731631
26.28613888815875	7.697754034016202
27.21417551207237	7.202541901491383
28.25905127928447	6.706948205595559
29.32395661391916	6.258956652127385
30.342126291234464	5.876291753791693
31.13440695817271	5.605237639523191
32.35843607844247	5.226280861051637
33.175197327786115	4.997068044358988
34.42370703046127	4.678445301989135
35.22266421987372	4.492443530442647
36.08616112653675	4.3053857087327945
36.99861919801057	4.121990832687458
37.97450423298929	3.940469083043759
38.9336979617825	3.7753065425563914
39.83169023456223	3.6314305917342535
40.73302076857905	3.4964991134709393
41.84800002177025	3.341465014672977
42.71594794341607	3.2290278739873877
43.690720224649084	3.1105550060548404
44.6209823560541	3.0045277272688953
45.54011695000212	2.90593770177359
46.46592806642435	2.812317616130562
47.38506266037236	2.724562083973689
48.27081464194939	2.6445036331011345
49.223331848268415	2.562968543941615
50.21590818943262	2.4826405367802984
51.15729785829464	2.410488824698458
51.97183360014689	2.3509995653856106
52.95328240385409	2.2826881003279142
53.9547607749839	2.216510697173165
54.78264956178453	2.164308492848731
55.78190242542294	2.104114603999512
56.729968617328886	2.0496632608347825
57.78263366133062	1.9920286231537734
58.770758987512025	1.9404500546930186
59.4384112349319	1.9068995238788018
60.33751626145733	1.8632826151699862
61.29893549774194	1.8185225401791436
62.26035473402655	1.775591038298588
63.27296064261336	1.7322327217434155
64.24328190886357	1.692369035734868
65.23808375751918	1.6531109425760255
66.11270820163921	1.6198695284347748
67.25216803723579	1.5782497957569752
68.28702902073658	1.5420118413108717
69.31076246678039	1.5075412302481854
70.47247737729096	1.4699897158792703
71.38048443378199	1.4417352694247807
72.4264729547398	1.4103159179470726
73.41014726593839	1.3818164741523804
74.28254620256703	1.3573501666952195
75.446486620569	1.3258340389478063
76.33668961712883	1.3025582622320349
77.32926595829304	1.2774116839411815
78.42866665904442	1.250504769077825
79.53919489725281	1.2242857609021163
80.56737935827942	1.2008294542543747
81.43755278741665	1.18156544399813
82.46796275593465	1.1594208684144072
83.42715648472786	1.1394298033308639
84.47537051317705	1.1182407077740935
85.45459380939286	1.0990404276097772
86.49168030038507	1.07930493999604
87.30621604223731	1.0642200865670626
88.24538020360792	1.047263845561913
89.34923191934212	1.0279093863975541
90.08364939150397	1.0153641053491567
91.09848080758216	0.9984486945055112
92.02874293898721	0.9833560897858048
93.09698653485898	0.9664936528853199
94.14297505581679	0.9504495008456346
94.96641282763463	0.9381321438523379
95.91893003395366	0.9242160930429352
97.2052733639826	0.9059673050901156
97.90408271628205	0.8963065245436913
98.87885499751508	0.8831175644962744
99.79576408397169	0.871007201109135
100.79279144011869	0.8581529531302811
101.70079849660974	0.8467219838678824
102.59990352313515	0.8356535857516325
103.49010651969499	0.824932804954195
104.3625054563236	0.8146493158785756
105.20819830305544	0.8048850695635904
106.4233253933596	0.7911962972897917
107.36694056971302	0.7808343618301875
108.47524330043002	0.768952749524394
109.17850366771228	0.7615703796226888
110.13102087403128	0.7517600488258026
111.13695026014389	0.7416285188622598
112.38323445532767	0.7293913901637812
113.48263515607904	0.7188760347246661
114.35058307772489	0.7107534141749384
115.13841272968033	0.7035134515991553
116.15769516074133	0.6943290397694236
117.13246744197433	0.6857329472771978
118.00931739358577	0.6781523256257744
119.09536504938875	0.6689568387840928
120.58200405364366	0.6567054277347886
120.99149743206118	0.6533969944026193
121.92621057844899	0.6459493465524933
122.78080545514644	0.6392642260342069
123.75112672139664	0.6318138367049579
124.85497843713082	0.6235142050170035
125.88761391314024	0.6159147463478625
126.98256359890883	0.6080254259061847
128.31786809374856	0.5986318917481301
129.1101487606868	0.5931731475347805
130.95286896356566	0.5807957575122124
132.11013285909343	0.5732427771096135
134.9142722982569	0.5556105500389625
134.8742131634117	0.5558559958540824
136.4231663774258	0.5464963808651624
137.32672241893403	0.5411582093517853
138.67983097370495	0.5333262707630484
139.70356441974877	0.5275264598795403
141.0121628246917	0.5202655865438094
141.92016988118272	0.5153254933084089
142.5522140087402	0.5119331146182439
143.6916738443368	0.5059112195231608
145.29403923814448	0.49764183089744013
146.51361734343146	0.49149878000473984
147.06554320129854	0.48876042247868584
147.8489218382712	0.48491744047096297
148.7747329546934	0.48044069076860785
149.75395625090923	0.47578063164008866
151.000240446093	0.4699583813240399
151.62338254368484	0.46709191883706513
152.67382207962547	0.4623257726994102
153.4304946267013	0.4589428310922879
154.5076402525387	0.45419818584379634
155.6025899383073	0.44945880361983237
156.59961729445428	0.4452149212530009
157.70346901018846	0.4405941142536856
158.85183087575066	0.4358716491575107
160.2227434904528	0.43034404363788165
161.45122362570535	0.4254897382519
162.6618997010267	0.420794830648873
164.08622449552246	0.4153814645968534
166.28502589702524	0.4072502547442589
167.13962077372264	0.40416155074765864
168.92892879680792	0.3978200443958178
169.391834355019	0.39620651330470835
170.90517944917073	0.3910071284216753
172.20487582414808	0.38663216377930787
173.513474229091	0.3823092772204849
174.1633224165797	0.3801924608695734
175.2048599225547	0.37684034604847955
176.50455629753205	0.3727260905799272
178.3294724404797	0.3670745008829915
178.3650805603421	0.36696565135092823
179.61136475552584	0.3631895966820045
181.3917707486455	0.35790659533516733
182.01491284623737	0.3560877729615974
182.67366306369163	0.3541817273733585
184.16920409791214	0.3499171193470267
185.14842739412796	0.34717099524755385
186.50153594889892	0.34343505031078475
188.26413788208737	0.33866804784202453
188.84276982985125	0.3371271217615394
190.62317582297092	0.33245834135151786
191.52228084949635	0.3301413865649518
193.48072744192797	0.32518663934612085
194.56677509773093	0.3224921290569224
195.91988365250188	0.3191866744689055
196.48961357030015	0.31781173915475003
197.62907340589675	0.3150912576379471
198.4124520428694	0.3132433248266878
199.69434435791555	0.3102580662474355
200.6201554743378	0.3081313534750774
202.25812898800785	0.3044275909662311
202.64981830649418	0.30355286677000654
204.32339994002666	0.29986204749519624
204.83971767803135	0.29873842366524184
207.81299568654117	0.2924018696547837
209.66461791938565	0.2885676955216486
210.44799655635828	0.28697060930671564
211.94353759057879	0.28396207386058636
214.79218717957022	0.2783743254305643
215.71799829599246	0.27659748630301106
216.55478911275867	0.275007625068922
217.17793121035058	0.2738335068102785
218.4242154055343	0.2715100598527749
220.98800003562664	0.2668319142487685
221.34408123425058	0.26619274116279174
223.21350752702622	0.26287832392421684
223.97018007410207	0.2615561676356402
225.16305208949223	0.2594940776332569
227.71793468961894	0.25516702502968097
228.23425242762366	0.2543070716380319
229.13335745414906	0.252820972400038
230.3440335294704	0.250842478405789
232.45381463131721	0.2474553161214037
235.90780225796934	0.2420709488402333
237.40334329218987	0.23979940365235966
239.05912086579113	0.2373253054497168
240.7148984393924	0.23489311885363193
242.4062841328561	0.23245086748887436
243.58135208831507	0.23077873713511707
244.50716320473728	0.22947524678937697
246.83949505572403	0.22624480753887616
248.83354976801806	0.22354199911441675
249.40327968581633	0.2227795463655493
251.32611815838555	0.2202376911771958
252.53679423370696	0.21866171456010405
252.92848355219326	0.21815581974955103
253.7118621891659	0.21714980396605188
255.70591690145991	0.21462327753092533
255.8127412610471	0.21448929733223684
257.1124376360244	0.21287018911490743
258.3587218312082	0.2113364591036399
261.0115267609565	0.20813180703283968
262.4358515554522	0.2064440864806132
262.77412869414496	0.20604656509249944
264.83939964616377	0.20364670789341247
265.2132849047189	0.20321717230269487
266.92247465811374	0.2012724495005971
268.1687588532975	0.19987366299099985
270.80375972311464	0.19696837975392148
271.3734896409129	0.19634934458699285
274.1865311100419	0.1933392592539951
275.75328838398724	0.1916955239837141
277.60491061683166	0.1897823705355107
278.24585677435476	0.1891274315261163
281.52180380169494	0.1858372630253394
283.0173448359154	0.18436639195832064
285.5811294660077	0.18188900182336362
286.15085938380605	0.18134589505165344
287.64640041802653	0.17993284650998762
290.0677525686693	0.17768307411917122
291.2072124042659	0.17664029773612963
291.95498292137614	0.1759614255783847
293.1478549367663	0.17488729443693218
294.42974725181244	0.17374495437112805
298.54248509591883	0.17016139973973493
299.5395124520658	0.1693109032083681
301.4623509246351	0.1676902254945118
301.53356716435985	0.1676306896216168
302.8866757191308	0.16650606302544407
303.4564056369291	0.1660362338197791
307.4445150615171	0.1628074277258722
308.22789369848977	0.16218528966742912
310.64924584913246	0.1602867508014545
310.9341108080316	0.16006578927689177
312.7857330408761	0.15864162830652367
316.7738424654641	0.15564379176338783
318.05573478051025	0.15469986659523016
319.19519461610685	0.15386866781239025
319.9785732530795	0.15330145272152892
322.0438442050983	0.15182236890274345
322.54235788317175	0.15146884770663147
324.1803313968419	0.15031671583296616
324.8924937940897	0.1498202570875837
325.9607373899615	0.14908058512491615
328.7737788590906	0.14716111552665542
331.1595228898709	0.145564696675235
331.4443878487701	0.14537597397756977
334.72033487611026	0.14323411809688386
335.147632314459	0.14295855274000135
337.56898446510166	0.14141326466540116
339.4918229376709	0.14020548397367535
342.48290500611193	0.13835994007593425
344.120878519782	0.137366050242773
346.39979819097516	0.1360025313229125
348.6787178621683	0.13466099385180483
350.9576375333615	0.13334094550274178
351.8122324100589	0.13285136949727386
353.7350708826281	0.1317604983738366
353.77067900249057	0.13174043517315762
357.6875721873538	0.1295635659035048
360.07331621813415	0.12826628141868981
360.6430461359324	0.12795961758286417
362.92196580712556	0.12674485018191
364.9160205194196	0.12569729351178763
366.9100752317136	0.12466379567902924
371.46791457409995	0.12235291180046624
373.7468342452931	0.12122355749903822
376.0257539164862	0.12011111033686632
378.3046735876794	0.11901521901961358
380.15629582052384	0.11813676151960008
380.79724197804694	0.11783514114574993
382.8625129300657	0.11687174520972705
384.6429189231854	0.11605149490930969
387.9188659505255	0.11456654023706112
389.6992719436452	0.11377244290362766
390.5538668203426	0.11339445745213368
391.55089417648963	0.11295605465495484
394.68440872438026	0.11159604447972006
396.5360309572247	0.11080489527743675
398.8149506284179	0.10984364662518752
401.093870299611	0.10889590882811893
403.37278997080415	0.10796141853648598
403.9425198886025	0.10772983565391832
406.2214395597956	0.10681154440572345
408.5003592309888	0.10590593186100047
410.2095489843836	0.10523489662539064
411.3490088199802	0.10479137643359852
413.0581985733751	0.10413177802122058
413.91279345007257	0.10380450933003409
414.9098208062195	0.10342480698749545
415.4795507240178	0.10320884813803832
419.0403627102571	0.10187557674585325
421.60414734034947	0.1009328848483731
422.743607175946	0.10051845823798226
424.4527969293409	0.09990198851026275
426.731716600534	0.09908954644167087
428.44090635392894	0.09848724383033691
430.43496106622297	0.09779205034571754
430.8622585045717	0.09764411855451807
433.7109080935631	0.09666714017887745
433.56847561411354	0.09671561088534616
434.99280040860924	0.09623267576431273
438.12631495649987	0.09518391825960791
439.8355047098947	0.09461967814082187
441.8295594221887	0.0939682411457073
442.2568568605374	0.09382959598326379
446.52983124402465	0.09246123835457806
448.9511833946674	0.0917001722403713
449.2360483535665	0.09161130469066597
450.8028056275118	0.09112502561737332
452.79686033980585	0.09051216570992407
454.07875265485194	0.0901217131187007
456.3576723260451	0.08943429849014954
458.06686207944	0.08892431026964177
460.34578175063314	0.08825163982052223
462.62470142182633	0.08758719765124001
464.90362109301947	0.08693084441096274
467.1825407642126	0.08628244376809721
469.46146043540574	0.08564186233053851
471.74038010659893	0.08500896956841297
474.01929977779207	0.08438363773920221
476.2982194489852	0.08376574181519654
478.5771391201784	0.08315515941316083
480.8560587913716	0.08255177072615652
483.13497846256473	0.08195545845744026
485.4138981337579	0.08136610775635454
487.69281780495106	0.08078360615615732
488.83227764054766	0.08049488926000857
490.54146739394247	0.08006494312434059
492.8203870651356	0.07949745273560876
493.8174144212827	0.0792512255462856
494.88565801715447	0.07898878129048727
496.1675503322006	0.078675705185255
497.378226407522	0.07838186696496342
501.0814708732109	0.07749403354675659
503.64525550330313	0.07688889614437325
505.9241751744963	0.07635740552021664
506.4939050922946	0.07622546378749924
510.4820145168826	0.07531213698058652
512.7609341880758	0.07479817754124833
515.039853859269	0.07428988327951074
517.3187735304622	0.07378716782914882
519.5976932016553	0.07328994650700103
521.8766128728485	0.07279813627301075
524.1555325440416	0.07231165569138627
526.4344522152347	0.07183042489283674
528.7133718864279	0.07135436553786464
530.9922915576211	0.07088340078106972
533.2712112288142	0.07041745523642996
535.5501309000074	0.0699564549435433
537.8290505712006	0.06950032733478523
540.1079702423937	0.06904900120335807
542.3868899135869	0.06860240667220419
544.66580958478	0.0681604751637628
546.9447292559732	0.06772313937052848
549.2236489271663	0.06729033322640617
551.5025685983595	0.06686199187881627
553.7814882695527	0.06643805166155306
556.0604079407458	0.06601845006834565
558.339327611939	0.06560312572712369
560.0485173653339	0.06529440312489096
560.9031122420313	0.06514092350396311
564.8912216666193	0.06443235297561428
567.4550062967116	0.06398341175210749
569.7339259622075	0.06358859106915983
571.7279806745015	0.06324634987017885
575.1463601812912	0.06266654936290159
579.9890644825767	0.06185977750815263
584.546903824963	0.06111571595377623
589.1047431673494	0.06038604043360803
593.6625825097357	0.05967036807265094
598.220421852122	0.05896832896156802
602.7782611945083	0.058279565624095225
607.3361005368946	0.0576037325101445
611.893939879281	0.05694049551318698
615.5971843449698	0.05641066692982635
620.1550236873561	0.0557694441043662
625.5674579064399	0.05502318230961938
630.1252972488262	0.05440720194485594
634.6831365912125	0.05380230346378536
639.2409759335989	0.05320821248731498
643.7988152759851	0.05262466327888009
648.3566546183714	0.05205139841426446
651.7750341251613	0.05162804852827052
655.7631435497493	0.05114113788297403
661.4604427277321	0.050458323621256455
666.5880119879168	0.049856307569043794
670.0063914947065	0.04946138901420565
674.5642308370927	0.048942647042665856
680.2615300150758	0.04830648851023718
684.819369357462	0.047807130708781474
688.2377488642517	0.0474380656712434
691.6561283710415	0.0470735855616405
696.2139677134278	0.04659460876485085
700.7718070558141	0.04612346224253892
705.3296463982005	0.0456599698620841
709.8874857405867	0.04520396053033638
714.445325082973	0.04475526801874689
719.0031644253594	0.04431373079562772
723.5610037677458	0.04387919186520081
728.1188431101322	0.043451498613130864
732.6766824525184	0.04303050265822982
737.2345217949047	0.04261605971006199
741.792361137291	0.04220802943216882
746.3502004796774	0.041806275310672776
750.9080398220636	0.04141066452800059
755.4658791644499	0.041021067841511605
760.0237185068363	0.04063735946680674
764.5815578492226	0.0402594169655088
769.1393971916089	0.03988712113731934
773.6972365339952	0.039520355916168634
778.2550758763815	0.03915900827027415
782.8129152187678	0.038802968105942894
787.3707545611543	0.03845212817495744
791.9285939035406	0.0381063839853872
796.4864332459268	0.03776563371568648
801.0442725883132	0.037429778131935466
806.741571766296	0.03701669468082128
813.5783307798755	0.03653063246689177
820.4150897934551	0.03605479539937845
826.1123889714379	0.03566586213437828
830.6702283138242	0.03535956931496497
836.3675274918071	0.03498263570043809
843.2042865053866	0.03453881075115011
850.041045518966	0.0341040074407378
856.8778045325455	0.033677974141223366
862.5751037105285	0.03332947033266997
867.1329430529148	0.033054839341768394
871.6907823953011	0.03278384332586976
876.2486217376874	0.032516416099281964
880.8064610800737	0.03225249300894599
885.36430042246	0.03199201089139678
890.7767346415438	0.03168707253284081
897.6134936551232	0.031308542249560485
904.7351176276019	0.030921942096679426
911.5718766411813	0.030558003215240312
918.4086356547608	0.030200928355115703
925.2453946683403	0.02985053985131906
932.0821536819197	0.02950666587338496
938.9189126954992	0.029169140193556115
945.7556717090788	0.028837801965772618
952.5924307226583	0.028512495514871387
959.4291897362378	0.02819307013546271
966.2659487498173	0.027879379899972922
973.1027077633968	0.027571283475377854
979.9394667769762	0.027268643948170027
986.7762257905557	0.02697132865714598
994.7524446397318	0.02663101875680093
1002.7286634889078	0.026297583492653324
1009.5654225024873	0.02601710896170866
1016.4021815160668	0.02574142918081344
1023.2389405296464	0.02547043163349419
1030.0756995432257	0.025204007154099248
1038.0519183924018	0.024898817289519665
1046.028137241578	0.02459954493590189
1054.004356090754	0.024306032744893156
1061.98057493993	0.02401812867271706
1069.956793789106	0.023735685763978026
1079.0724724738786	0.0234193989724248
1088.1881511586514	0.023109855120333294
1097.303829843424	0.02280685723982881
1105.2800486926	0.022546954550689984
1112.1168077061795	0.02232796099513874
1120.0930265553557	0.02207677345135419
1129.2087052401282	0.021795237682541213
1137.184924089304	0.021553612339575035
1144.0216831028836	0.02134992398266115
1151.9979019520597	0.021116183850132815
1161.1135806368325	0.02085406591513987
1170.229259321605	0.02059715525134907
1179.3449380063778	0.02034531006988117
1188.4606166911503	0.020098393474079414
1197.5762953759229	0.019856273255547886
1206.6919740606957	0.01961882170013995
1216.9471125810649	0.01935711572062325
1227.202251101434	0.01910099298092246
1236.3179297862066	0.018877883460303942
1245.4336084709794	0.018658945829324255
1254.549287155752	0.0184440731371435
1264.8044256761211	0.018207071522155456
1276.199024032087	0.017949443907390724
1287.5936223880526	0.017697642845781132
1297.848760908422	0.017475854361143357
1306.9644395931946	0.01728244592395868
1316.0801182779674	0.017092464923453184
1326.3352567983363	0.01688272954813447
1337.7298551543024	0.01665451489378689
1349.124453510268	0.01643123234317716
1360.519051866234	0.01621273594826178
1371.9136502221997	0.01599888522813376
1384.4477084137618	0.015768853906362665
1396.9817666053243	0.015544107210736272
1408.3763649612902	0.01534423793871795
1419.7709633172558	0.015148478673471466
1432.3050215088183	0.014937752509174593
1445.9785395359772	0.01471320746472249
1459.6520575631362	0.014494053096228922
1472.1861157546984	0.014297745838974037
1484.720173946261	0.014105688520167243
1497.2542321378235	0.013917755183970475
1509.7882903293857	0.013733824599113606
1523.4618083565447	0.01353760113609784
1537.1353263837036	0.013345856752400903
1550.8088444108625	0.013158451554593654
1564.4823624380215	0.012975251176357871
1577.016420629584	0.012810900960637524
1590.689938656743	0.012635403247479785
1606.6423763550952	0.012435503737862667
1621.4553542178505	0.012254406060387931
1636.2683320806061	0.012077520751255694
1649.941850107765	0.011917864792213498
1661.3364484637307	0.01178739943849581
1675.0099664908896	0.011633853798206353
1690.9624041892419	0.011458752011145002
1705.7753820519974	0.011299928283260843
1718.3094402435597	0.011168290550131481
1730.8434984351222	0.011039106297387082
1746.7959361334745	0.010878139760289462
1762.7483738318263	0.010720921682843915
1777.561351694582	0.010578185433397396
1792.3743295573374	0.010438486406885298
1807.1873074200932	0.010301736143105276
1823.139745118445	0.010157666700487797
1841.3711024879904	0.009996951419008065
1860.7419196931323	0.009830634261705903
1878.9732770626777	0.009678134760329804
1896.0651745966263	0.009538597959137966
1913.1570721305748	0.009402274105435595
1932.5278893357165	0.009251530243674684
1951.8987065408585	0.009104642324025155
1971.2695237460002	0.008961475572626436
1991.7798007867389	0.008813800119696135
2012.290077827477	0.008670006089795979
2032.8003548682157	0.008529954125578196
2052.1711720733574	0.008400998857216886
2072.681449114096	0.008267847677313922
2095.4706458260275	0.008123845946627553