 t [day]	Mdot [M_\odot yr^-1]
16.208640100573497	0.03432853123095609
17.579552715275632	0.08978572927271111
18.558776011491442	0.14668115911298385
19.8050602066752	0.2303755054441181
20.99793222206537	0.3154436456568151
22.324334686939512	0.4101043238252634
23.410382342742505	0.4854701666321485
24.594352328167076	0.5647437382364728
25.733812163763652	0.6383954698682129
27.253833780389563	0.7331092010517564
28.75160032210147	0.8213372578954005
29.913315232612042	0.8833345125266805
31.04164753075163	0.9343081149005845
32.201136933770805	0.9730696599473219
33.34059676936739	0.9944611455891269
34.51566472482636	0.9977126172858617
35.68183065031973	0.9829356970529513
36.852447590795904	0.9528839557438152
38.033079314983375	0.9110382081941311
39.18366668803695	0.8629824330197935
40.333141307344825	0.8111380322525886
41.4904052028726	0.7577070065879077
42.62986503846919	0.7057569922278014
43.80938400891096	0.6539907340606436
44.93549079955914	0.6072413376131093
46.12836281494931	0.561012380108831
47.26782265054589	0.520184470300471
48.405056978651075	0.48268169111326187
49.56677188916164	0.4476112861251947
50.748516367094815	0.4151146572951614
51.86127011279461	0.3872465983581326
53.27669287732473	0.3553053206481385
54.514075042542885	0.33029802594022056
55.4843963087931	0.312408349553683
56.60160107090001	0.2935111003282023
57.8323067150683	0.27460236541615635
59.063012357812255	0.25748753185163886
60.249207850728226	0.2425081709952834
61.4265013136786	0.22895678241922873
62.65943246391396	0.21602016824723114
63.84785346432133	0.20463630675261885
65.0451764946943	0.19412953971369828
66.27810764492966	0.18421229887179166
67.28403703104227	0.1767305705123113
68.6772047206584	0.16717837436909888
69.6653300468398	0.160917831769793
70.7424756726772	0.15453184483241153
71.97095580792976	0.14775553745111628
73.01249331390476	0.14239436607395445
74.17865923939814	0.13677073652240296
75.3537271948571	0.13147264348946722
76.48873601547089	0.12667433605363873
77.82404051031062	0.12139334286634822
79.14599196020197	0.11651613644630049
80.35666803552336	0.11232687539122713
81.46051975125752	0.10871828677926977
83.1073952948932	0.10367440625613555
84.36258152004257	0.10007878617192423
85.46643323577675	0.09707874236194043
86.91746412016927	0.09334709200928303
88.3061807948026	0.08998275556173715
90.16670505761263	0.0857631409575091
90.80765121513572	0.08437999374479732
92.87292216715451	0.08014792320007907
94.5821119205494	0.07688425138217861
95.72157175614598	0.07481820376967559
98.00049142733913	0.070926799930232
99.13995126293571	0.06909246984622584
100.27941109853228	0.06732698646438137
101.98860085192715	0.06479990444928087
103.55535812587244	0.06260266989140105
105.12211539981776	0.06051146829399438
105.97671027651519	0.05941295606240391
107.11617011211176	0.05799223996270162
108.25562994770834	0.05661960894870877
108.96779234495621	0.055785141999942556
111.1042795366998	0.05338420116579572
111.67400945449809	0.052768752464072026
112.81346929009466	0.05156764301711071
114.23779408459039	0.05011991471228506
115.66211887908611	0.04872888278239171
115.94698383798526	0.04845721897489956
117.94103855027926	0.04661393638756106
119.08049838587586	0.045604643825460964
119.65022830367414	0.04511148092665964
121.359418057069	0.043676125125561224
122.49887789266559	0.04275457484236822
123.63833772826216	0.041860045264233925
124.20806764606046	0.04142259196441999
125.91725739945532	0.04014801079653548
127.05671723505192	0.03932860804755872
129.33563690624507	0.03775861809512612
129.90536682404337	0.03737985433212439
130.7599617007408	0.03682160944694375
133.89347624863137	0.03487164403220461
133.89347624863137	0.03487164403220461
136.74212583762284	0.03322215304631216
138.4513155910177	0.03228452745665973
140.73023526221087	0.031091092067603278
142.43942501560574	0.030236244999198317
144.7183446867989	0.02914692170222877
145.28807460459717	0.028883216944279706
147.56699427579034	0.027861262014253624
149.56104898808434	0.027008273507349346
149.41861650863478	0.027067973827876488
153.69159089212195	0.02535462383560144
156.11294304276467	0.02445094271171991
157.25240287836127	0.024041352835121977
158.96159263175613	0.02344491282726923
161.2405123029493	0.022681683552654843
162.94970205634417	0.022132116682563655
165.2286217275373	0.021428231718368246
167.50754139873047	0.020755627625352272
168.64700123432704	0.020430503711852874
170.35619098772196	0.019956203293293256
172.6351106589151	0.01934775205316359
174.34430041230996	0.0189085543478171
176.62322008350313	0.01834467594077265
178.90213975469626	0.017804399191153723
181.18105942588943	0.017286473299456217
183.4599790970826	0.016789726440187284
185.73889876827576	0.0163130600262548
186.87835860387236	0.016081932399640623
188.58754835726722	0.015743901138383438
190.86646802846036	0.01530874330953244
192.57565778185523	0.014993548579944086
194.8545774530484	0.014587507328981859
197.13349712424153	0.01419698211136943
199.4124167954347	0.013821216913483942
201.6913364666279	0.013459499856531993
203.97025613782105	0.013111160230255388
206.2491758090142	0.01277556575069672
208.52809548020736	0.012452120023206382
210.8070151514005	0.012140260193632383
213.08593482259366	0.011839454772214302
215.36485449378682	0.01154920161610825
217.64377416498	0.01126902605774232
219.92269383617315	0.010998479167339143
222.20161350736632	0.010737136138968508
224.48053317855945	0.010484594790422592
226.75945284975262	0.01024047416804153
229.03837252094579	0.010004413248375992
231.31729219213892	0.009776069729260692
233.59621186333212	0.009555118903495332
235.87513153452528	0.009341252608895564
238.1540512057184	0.009134178248992065
242.7118905481047	0.008739307353088881
249.5486495616842	0.008191423972037414
257.5248684108602	0.0076123906473236
266.6405470956329	0.0070198705464528865
275.75622578040554	0.006491243381541321
284.87190446517815	0.00601780773245324
295.1270429855474	0.005542137066616733
306.52164134151315	0.005074284844219466
317.916239697479	0.00466091106864076
330.45029788904134	0.0042596247285264345
345.26327575179687	0.003846132326620738
361.215713450149	0.003462044784148424
378.3076109840977	0.003108470967843414
397.6784281892395	0.0027668624203352984
419.3281650655746	0.0024450154844039597
443.2568216131028	0.0021479007760940925
470.60385766742064	0.0018674918985295992
502.5087330641249	0.001601834100335273
540.110907638812	0.0013527414093731406