 t [day]	Mdot [M_\odot yr^-1]
6.60431035569329	0.16913903034452926
8.444805051080733	0.47635535250098254
10.31868235883917	0.9659168808164712
12.711102912093706	1.8070192189372791
14.816432998957701	2.9485583096324173
16.383190272903	4.041319255171111
19.053799262582483	6.047400134146252
20.066405171169283	6.796549253174242
21.86461522422014	8.075310047891996
23.66505078476239	9.26575072728264
25.47216286777884	10.309123226491046
27.86235791354198	11.226742794978142
29.860863640818792	11.363098706990522
32.20209752177114	10.774496197067547
33.89793423021761	10.020068645727516
36.18353042388497	8.855197432593862
37.87046510236584	8.011166283373612
39.6197139906059	7.204474711327676
41.317776206543776	6.503269099050604
43.99506171869745	5.560029880278293
46.04030310329366	4.958895602351055
48.65749991317956	4.315086345414721
51.510600517153804	3.743031508210211
53.13967200085828	3.4656545244411054
55.40078761212025	3.1293219356020385
57.62184408967648	2.845146623645825
59.753880267576726	2.6080727408572115
61.57434539554158	2.428982779044587
63.225671954160056	2.2825187469762027
64.98382287236572	2.1411554231384837
66.92001438988333	2.000658010182141
68.56243891853622	1.8924046460518231
70.40515912141507	1.7814266643546994
72.2745854141907	1.6788310946986036
74.00603024249956	1.5917402209013658
76.3650681833831	1.4838558337149346
80.28196136824634	1.327955319795256
80.91845651078663	1.3049983222050963
83.19737618197978	1.2275649384058376
85.51635498801814	1.1557015283547616
90.02078215061087	1.0330835758359636
90.04748824050766	1.032415806749732
92.17507340228566	0.9812192910804609
93.85755706578374	0.9433649481339142
96.0474564373209	0.8972573082629621
98.1839436290645	0.8554155044404737
100.00885977201213	0.8219141715935547
101.68244140554462	0.7928595709917453
103.52516160842346	0.7625789074149563
105.76847315975422	0.7279477536793819
107.9761765912226	0.6960623077219427
110.42423483176212	0.6630290809512744
112.26695503464096	0.6396454018050113
114.02955696782944	0.6183807586582962
115.78325687105229	0.5982242996529722
117.54585880424075	0.5789086861130036
119.4597952468444	0.5589381083820988
121.63189055845037	0.5374555202588538
123.91971225960913	0.5160908387186797
126.80396996846297	0.49085574200082155
128.6822982912042	0.4753644488418804
130.34697789477107	0.4622147911425596
132.11848185792513	0.44878660005946347
134.19265483990952	0.4337633899018348
137.37958156759373	0.4120480374464403
137.9137033655296	0.4085614099610595
140.31725145624117	0.3933822390926146
144.73265831917792	0.3675252714024289
144.91069891848986	0.3665341158217349
147.08279423009586	0.354743170417754
149.04124082252747	0.34457047333791496
151.15992395433986	0.3340275720537833
153.5812761049826	0.32253287221803895
155.75337141658858	0.3126951573487702
157.99668296791933	0.30297756549052424
159.29637934289667	0.2975432934906561
160.96996097642915	0.2907479578974269
163.10644816817273	0.28238978455894104
164.9046582212236	0.2756175594883125
166.61384797461844	0.2693928156208421
168.6257067468437	0.262318997881685
170.6909776988625	0.25532907363882923
172.1153024933582	0.2506618318196993
174.1627693854458	0.24416255860210415
176.31706063712062	0.23757985515914543
178.00844633058426	0.2325870492449696
180.07371728260304	0.22669046655866407
183.63452926884239	0.2170121338242801
183.6167252089112	0.2170590524105289
185.62858398113642	0.21184710855962405
187.80067929274236	0.20641744215713026
189.56328122593084	0.20215558342173082
192.58997141423424	0.19512374294912055
192.94605261285818	0.19431940624832292
195.04693168473938	0.18966833686855775
197.3258513559325	0.18479987457377084
198.35848683194195	0.18265215076986932
200.35254154423592	0.17860398205626815
201.99051505790604	0.17537335067265564
204.26943472909917	0.17101494620647478
206.61957064001714	0.16667965834319848
208.47119287286156	0.16337305793027473
210.4652475851556	0.1599152787424024
212.53051853717437	0.15644249894809498
214.0972758111197	0.1538789585387915
215.73524932478975	0.15126217307410433
217.44443907818464	0.14859843647394733
219.79457498910256	0.1450432579752897
222.21592713974533	0.1415052705521863
224.06754937258975	0.1388818219626238
226.06160408488378	0.13613308023387433
227.80640195814104	0.13379081792105535
229.72924043071026	0.13127522397370237
231.86572762245387	0.12855809822855552
233.82417421488546	0.12613694843823078
235.78262080731707	0.12377996769586333
237.99032423878546	0.12119721508174093
239.94877083121708	0.11896957343360143
243.0110691393829	0.1156011186734966
243.79444777635553	0.11476116847005051
245.9309349680991	0.11251391329773511
247.42647600231965	0.11097779137827815
249.45613883447604	0.1089402062202027
251.1653285878709	0.10726524326923104
253.08816706044013	0.10542422157325496
256.1504653686059	0.10258347703022372
258.14452008089995	0.10079170397847728
260.88634531030425	0.09839963861141002
263.3789137006718	0.09629426375435933
265.47979277255297	0.09456897868467873
267.8299286834709	0.09269045949319125
269.8595915156273	0.09111037696843019
272.06729494709566	0.08943468346373902
273.91891717994014	0.08806273989265459
276.09101249154605	0.08649105033632398
278.6547971216384	0.08468660346744143
280.1859462757213	0.08363429571910935
281.89513602911614	0.08248137546147706
283.8891907414102	0.0811645561521642
286.16811041260337	0.0796957945435093
287.7348676865486	0.07870777152885879
289.8713548782922	0.07738820800109865
291.86540959058624	0.07618470880830917
294.0018967823298	0.07492445172139077
295.6398702959999	0.07397815929654458
297.7051412480187	0.07280895822907554
300.1264933986614	0.07147122258235433
302.262980590405	0.07031958881109632
304.257035302699	0.06926829426152713
306.25109001499305	0.06823911584294666
308.1739284875623	0.06726707836561936
311.4498755149025	0.0656556249279456
313.65757894637085	0.06460031139773324
315.79406613811443	0.06360175825758481
317.5032558915093	0.06281857580072249
321.4913653160973	0.0610434425930446
322.77325763114345	0.060487941839641346
324.7673123434375	0.059637953179258775
326.61893457628196	0.05886373531183403
329.0402867269247	0.05787259170043333
331.8889363159161	0.05673651196565403
335.73461326105456	0.05525225182955392
336.4467756583024	0.05498343115462661
339.01056028839474	0.054030851166058456
341.0046150006887	0.0533060205982889
343.71083211023057	0.05234414019993109
346.9867791375708	0.05121229154155084
347.556509055369	0.05101898932057743
349.40813128821355	0.05039783724751214
353.9659706305998	0.04891370641921495
356.67218774014174	0.04806160942236712
357.24191765794	0.047884898891617685
359.0935398907844	0.047316894335130706
361.230027082528	0.046673273776872415
363.6513792331707	0.04595870393471821
367.78192113720837	0.04477498064969716
369.7759758495024	0.04421891890197283
370.6305707261998	0.04398359343136988
374.61868015078784	0.04290849501041519
377.18246478088014	0.04223688640572114
379.4613844520733	0.04165231018616647
380.0311143698716	0.041507954414166506
382.5948989999639	0.0408670291670394
384.5889537122579	0.04037816251153285
386.5830084245519	0.03989752174098762
389.71652297244253	0.03915842149213888
391.14084776693824	0.03882885489802835
395.1289571915263	0.03792666263100642
396.4108495065724	0.03764296431733903
399.97166149281173	0.03687047520894317
400.68382389005956	0.03671866989728368
403.39004099960147	0.03614979535362944
404.81436579409717	0.03585538058671679
406.52355554749204	0.03550653600846108
409.08734017758434	0.03499219894042702
411.5086923282271	0.03451604978938432
414.35734191721855	0.03396751214406987
416.208964150063	0.03361754662143761
420.197073574651	0.032880879912253136
421.6213983691468	0.03262330900384221
422.9032906841929	0.03239392555781224
425.182210355386	0.031991723679607384
427.60356250602877	0.031572070534199505
429.8824821772219	0.03118417123785762
432.1614018484151	0.030802969784299278
432.44626680731426	0.03075578308431019
436.43437623190226	0.030105754545529582
438.1435659852972	0.029833102902393605
438.9981608619946	0.029698083608793405
440.63613437566465	0.02944169839236941
442.7726215674083	0.029111956587934213
445.8349198755741	0.028648353569562156
447.8289745878681	0.02835205965475672
452.3868139302544	0.02769086762132181
454.6657336014476	0.027368416277675334
456.9446532726407	0.027051241537742014
459.22357294383386	0.02673923223209762
461.50249261502705	0.026432280053882436
462.07222253282526	0.026356319758763798
464.0662772451193	0.026092872407448387
466.3451969163125	0.02579631957620534
470.0484413820014	0.02532447923046744
470.9030362586988	0.02521732506220283
474.8911456832868	0.024725641684386953
475.74574055998426	0.024622043960905934
479.73384998457226	0.024146600838982332
482.0127696557654	0.02388072055158217
483.152229491362	0.02374932824166421
486.5706089981517	0.023361219346131574
488.84952866934486	0.023107436528308076
491.12844834053806	0.02285752756870266
492.2679081761346	0.022734001922477414
493.6922329706303	0.022580915738754488
497.68034239521836	0.02215993650493085
498.1076398335671	0.022115490152027587
501.2411543814577	0.0217933617461559
503.66250653210045	0.02154896150558844
505.9414262032936	0.021322456087380873
507.65061595668845	0.02115477582319055
509.9295356278816	0.020934082702000107
512.7781852168731	0.020662758153284413
520.1846741482509	0.0199801264293532
533.2884622576114	0.018848132839805434
548.101440120367	0.017674481237914246
563.1992829363245	0.016581609542191084
580.2911804645759	0.015456012572256424
599.3771327108185	0.014322385350829013
616.4690302447673	0.013404221294346118
634.7003876143125	0.012513729916850215
655.2106646550509	0.011608472056863075
676.860401531386	0.010749927346958198
701.9285179145106	0.009863561908237851
730.4150138044251	0.008976423623121387
760.0409695299363	0.008168546481424028
790.8063850910439	0.007433919975337805
824.9901801589413	0.006722295195049675
863.731814569225	0.006026535032557369
908.1707481574916	0.005347160254622692
958.3069809237411	0.004703361212726252
1015.2799727035701	0.004096775690673446