 t [day]	Mdot [M_\odot yr^-1]
8.540876585717312	0.024946286395815913
8.888055754375644	0.03121996828552757
10.214458219249787	0.08612426811730826
9.809415855815066	0.061505868846555595
10.744129002202886	0.13176320574722475
11.371722114777564	0.20255358391471318
11.585370833951922	0.22972901578217428
11.888039852782265	0.27038028084039195
12.457769770580553	0.35335463211801466
12.635810369892521	0.38106454249497124
12.920675328791665	0.42729437158853567
13.152128107897221	0.4666643490531105
13.401384946933971	0.5109708826510705
13.597229606177134	0.5472238543228547
14.296038958476597	0.6873545445561964
15.137280790225635	0.8788429113991575
15.444400824038775	0.9548463001095704
15.787128977714309	1.043338928134484
16.063091906647855	1.1172926585669043
16.28564265578781	1.1786040907393265
16.517095434893367	1.24387325607952
16.788607348844113	1.3222836662584934
17.349435236676808	1.4899186344667417
17.8902335570869	1.6576005621112577
18.16397097852905	1.7442134151143476
18.4288063700056	1.8288196199597813
18.709220313921943	1.9189962313612636
18.947349615501697	1.9958221947837775
19.18770442457285	2.07336892217161
19.468118368489197	2.163529642026575
19.735179267457145	2.2487334937706605
20.046750316253085	2.3468075551340912
21.0170715825033	2.6359500382803134
20.85572228937683	2.590156153633249
21.396520609786926	2.738898369592064
21.729233979751157	2.8228071376547805
22.0285647373444	2.8924172238003063
22.39911173466243	2.969881796556075
22.76854597823476	3.0364935922574867
23.054523690879602	3.0801742603629036
23.326035604830352	3.114927249594233
23.617577086203692	3.1447051431277337
23.883525231425942	3.1649231964519715
24.18841975774768	3.179895435235781
24.453255149224233	3.1858385428975926
24.742571123106178	3.1849883875387275
24.93396476736654	3.180338441338325
25.169868561454894	3.170303044924723
25.41467438550885	3.1550944717643636
25.70621586688219	3.1310147644475044
25.963261982138842	3.104817009835555
26.1657831638562	3.0811755831782435
26.474015951415044	3.0406206234701236
26.64538002825281	3.015924192190397
26.94582353959175	2.969387657648778
27.234026759727993	2.921411553948586
27.530019256084135	2.869357677614305
27.81265870749188	2.8175645020169386
28.068592069002833	2.769316650609906
28.34232949044498	2.7166810283341105
28.66502807669792	2.6537496082521197
28.836392153535684	2.620117668032883
29.10790406748643	2.5667480197448387
29.400558302605475	2.509364023252939
29.637574850439528	2.463182553048951
29.970288220403766	2.3990528970598226
30.231785350643218	2.3493905819587297
30.464350883494475	2.3058732822330255
30.817093820881304	2.2411878381889347
31.19543009441923	2.173752149191328
31.739566676066424	2.080577046679769
31.732890153592226	2.0816920627968294
32.02665714245697	2.0333073128011674
32.249207891596924	1.9975782302992793
32.51626879056487	1.9557602560622245
32.923536661491	1.89419742458716
33.3964570034134	1.8260079591419958
33.79482284437393	1.7712446721593955
34.16759534918336	1.7221416210937346
34.422415956948605	1.6897286317558742
34.858615425262926	1.6363366862846032
35.249191990003546	1.5906794148629715
35.76662248175395	1.5331548051071013
36.258459637353255	1.4814220423971198
36.85600839879404	1.4221675131273812
37.33894352442774	1.3769621108314232
37.5792983334989	1.3553044965333
37.84858473995824	1.3316737716504106
38.157930281262786	1.3053234847991495
38.458373792601726	1.2805132942182746
39.04590777033121	1.2341019555092831
39.00584863548602	1.237181238147498
39.31519417679056	1.2137131301963293
39.706883495276884	1.184992230014738
40.05183715644382	1.1605755164186369
40.37676125018816	1.138292854583414
40.646047656647504	1.1203306774332076
40.88417695822726	1.1048142845267146
41.1601398871608	1.0872496155705105
41.37156309884376	1.074086248272462
41.779943723515586	1.049353726846841
42.2027901468815	1.0246665238538657
42.45761075464676	1.0102216897768441
42.7335736835803	0.994930944885297
42.942771387771856	0.9835765599627448
43.22318533168821	0.9686676094246496
43.43238303587977	0.9577704626450375
43.7350520547101	0.9423347194285573
44.04662310350604	0.9268400266768754
44.31368400247399	0.9138670541326481
44.59854896137314	0.9003325076283688
44.874511890306685	0.8875101868774005
45.12376872934344	0.8761660523197742
45.37747658336299	0.8648440267944497
45.67792009470193	0.8517209390969205
46.00284418844627	0.8378648938580846
46.3700529245272	0.8226115290899413
46.65046686844354	0.8112436034742908
47.03770517194707	0.7959295187320753
47.30142780967792	0.7857472441625437
47.55958667868026	0.7759677547690995
47.83666236135951	0.7656730101079309
48.15490993262965	0.7540984498156341
48.506540116270784	0.7416108303560407
48.78695406018713	0.7318718666252968
49.054014959155076	0.7227725034353287
49.37448803791662	0.7120734448098294
49.61261733949637	0.7042749320877444
49.88190374595572	0.6956076162530667
50.120033047535465	0.6880740457594919
50.38486843901202	0.6798364678561425
50.65415484547137	0.6716089668308609
50.93234328189631	0.6632628736134564
51.210531718321256	0.6550687919169794
51.5176517521344	0.64619452689173
51.81809526347334	0.63768326792159
52.17862747708007	0.6276855182170435
52.499100555841615	0.6189906091487942
52.91972147171613	0.6078440974816746
53.32921485013365	0.5972726203248879
53.687521556248974	0.588241756163238
53.97016100765673	0.5812581397673345
54.76021616710358	0.5623669105782333
54.88929560160474	0.5593657587431637
55.223121725314684	0.5517115152072369
55.45234899692883	0.5465436049393653
55.739439463319385	0.5401699575737574
56.14893284173691	0.5312643244529995
56.565102742628625	0.5224304220313556
56.99017467405567	0.5136260249667479
57.170440781428766	0.5099571394434306
57.495364875173095	0.503439419836473
57.82696549139163	0.49691153172710684
58.17414466004997	0.49020754904492936
58.5524809335879	0.48305002210403536
58.970876341971014	0.4753094118215317
59.29134942073255	0.46950117813320724
59.567312349666096	0.46458149730212656
59.81656918870285	0.46020168309345755
60.14371878993859	0.45454314287512443
60.40632867392374	0.45007331753373225
60.67116406540029	0.44562958416627885
60.88926379955744	0.44201742189102766
61.18970731089638	0.43711027315848594
61.47457226979554	0.4325298009654682
61.677093451512896	0.4293153448427769
61.94415435048084	0.425128893280099
62.362549758863956	0.41868747920123645
62.84325937700626	0.4114588610708847
63.11032027597422	0.4075203966936285
63.35067508504537	0.40402201085000267
63.72901135858329	0.39860225663092597
63.97381718263725	0.39515093678456625
64.24978011157079	0.39131166968648673
64.54354710043553	0.3872833864723113
64.81060799940349	0.38367285201895795
65.06876686840583	0.3802284891637308
65.34472979733938	0.37659552237802063
65.59398663637613	0.3733568575489986
65.90555768517207	0.36936451994670655
66.21712873396801	0.3654332287261129
66.58211196255755	0.360904001716499
66.61772008241994	0.36046644923330395
66.88923199637068	0.35715502312621233
67.19190101520103	0.35351484480103024
67.45451089918618	0.35039945745190926
67.71266976818852	0.3473751447671319
67.99753472708767	0.3440812656898721
68.44263622536758	0.33902364955952274
68.58061768983436	0.3374774476560085
68.8699336637163	0.3342680933470988
69.05242527801107	0.33226620801456214
69.3328392219274	0.32922350402279965
69.74233260034494	0.3248515161676976
70.21414018852164	0.31991674387526925
70.57912341711116	0.31617269684729865
70.86398837601031	0.3132940168360533
71.10434318508146	0.3108942706730573
71.42481626384301	0.3077354011069813
71.64291599800016	0.3056118639801617
71.89662385201972	0.3031679589417852
72.22154794576406	0.3000787587556947
72.4930598597148	0.29753185792801357
72.67777698150097	0.2958168036640115
73.02940716514209	0.29259093408599157
73.42332199111982	0.2890366835377577
74.02866002878051	0.28369425905817997
74.12213134341928	0.2828819585910995
74.5405267518024	0.2792864895501523
75.02123636994472	0.2752358173457419
75.0969036246523	0.274605889020577
75.36841553860305	0.2723624815087527
75.613221362657	0.2703621787620548
76.01381271110893	0.2671340779927634
76.45001217942324	0.2636814666635923
76.76603424320197	0.2612198834763535
77.07760529199791	0.25882506992107573
77.34466619096587	0.25679732578883463
77.6651392697274	0.25439394064116433
77.88769001886735	0.25274383725356775
78.21706512759448	0.2503296881868002
78.52863617639044	0.24807631925375148
79.30311278339748	0.24259944212987422
79.26750466353509	0.24284743556133007
79.58797774229662	0.24062849052522656
79.92625488098936	0.2383176443194907
80.2689830346649	0.23600867434806344
80.63841727823723	0.23355550595128932
80.94108629706756	0.23157281239630856
81.31497155562269	0.22915672776948937
81.55087534971105	0.22765083393411337
81.81793624867899	0.22596309903876707
82.24523368702772	0.2232997847491329
82.57015778077205	0.2213045555527829
82.86392476963678	0.21952256066647638
83.24671205815753	0.2172312586130851
83.78083385609341	0.21409095049712676
84.02118866516456	0.21269900358064545
84.27044550420132	0.2112691582661302
84.57311452303166	0.2095513621434439
85.18735459065795	0.20612623194783364
85.21851169553754	0.20595463672055622
85.46331751959148	0.20461348316544306
85.90841901787141	0.20220688878288942
86.4202857408933	0.19948914142388355
86.86983825415602	0.19714521972847035
87.09238900329598	0.19599944802197317
87.31939076741874	0.19484056729113744
87.63096181621466	0.19326587408197365
87.90247373016543	0.19190847264072144
88.31196710858295	0.18988695489461183
88.76597063682844	0.18768119915077106
89.12205183545238	0.18597680571011244
89.4870350640419	0.18425273612565288
89.68287972328507	0.18333705869811434
89.91433250239064	0.18226328261700867
90.20364847627258	0.1809336979622864
90.5552786599137	0.17933638498042703
90.87130072369244	0.17791801964205642
91.24073496726477	0.17628023599517662
91.58346312094031	0.17478010761379023
92.01076055928901	0.1729353289822703
92.21995826348059	0.17204232529441935
92.53152931227653	0.17072453228927784
92.78078615131327	0.16968069601672187
93.1457693799028	0.16816866323696597
93.53300768340632	0.16658547321182232
94.04932542141103	0.16450760852869722
94.22291500574019	0.16381736464547866
94.57009417439853	0.16244928516828952
94.95288146291927	0.16095980865327617
95.1843342420248	0.16006868323657206
95.45139514099274	0.15904923095254592
95.7540641598231	0.15790507570205572
96.07453723858464	0.156706445290149
96.48403061700216	0.15519377289243066
96.87571993548849	0.1537663973773059
97.09827068462845	0.15296376845057041
97.40984173342437	0.15185015239558786
97.67690263239233	0.15090486143852838
97.93506150139467	0.14999908713697563
98.19322037039703	0.1491010952054534
98.60271374881455	0.14769244481797153
98.75404825822973	0.1471766887660263
99.13683554675045	0.14588361297481353
99.44840659554637	0.14484311445799922
99.84899794399831	0.1435209158238199
100.35641365203742	0.14187086827228548
100.67688673079896	0.1408427320670514
101.08638010921646	0.13954450121654882
101.31783288832203	0.13881830704358733
101.81634656639554	0.13727251610506497
102.0121912256387	0.13667199899414245
102.15462370508826	0.13623762588545527
102.52850896364339	0.1351067851473923
102.79556986261133	0.13430727679382473
103.06708177656208	0.1335013900831474
103.44986906508281	0.1323769700655822
103.77479315882714	0.13143316260993632
103.9528337581391	0.13092010202345944
104.4780535261094	0.12942322541770868
105.02997938397651	0.12787658486215617
105.51068900211882	0.12655105117156815
105.75994584115556	0.12587149713617704
106.1249290697451	0.12488585709862157
106.37418590878184	0.124219096997726
106.65905086768099	0.12346333029324565
106.99732800637373	0.12257440896784802
107.33560514506645	0.12169465430812328
108.04776754231432	0.11987195657763873
108.03886551234872	0.11989449748404588
108.39494671097266	0.11899758955465715
108.95577459880533	0.1176043950750004
109.25844361763568	0.11686223391040815
109.86378165529636	0.11539796932934103
109.73915323577799	0.11569727151327416
110.21986285392029	0.11454892666244766
110.54033593268184	0.11379244346539892
111.23469426999851	0.1121778410154699
111.2435962999641	0.11215735531960327
111.67089373831283	0.11118033139994879
111.96466072717756	0.11051570911924946
112.16050538642072	0.11007579605319784
112.68572515439102	0.10890838322645077
113.3533774018109	0.10744991213436908
114.18126618861154	0.10568009909149875
114.39491490778589	0.10523017933596
114.65307377678825	0.10469019174713698
115.06256715520577	0.10384179771934259
115.38304023396731	0.10318471571687589
115.84594579217841	0.10224610391716667
116.20202699080234	0.101532426480064
116.52250006956389	0.10089622506187299
116.73614878873823	0.10047527079219597
117.16344622708696	0.09964090521642448
117.4483111859861	0.09909018623701323
117.9112167441972	0.09820456091158926
118.05364922364679	0.09793435071977837
119.17530499931216	0.09584332783636412
119.023970489897	0.09612168102483871
119.78954506693846	0.09472536233584206
119.94087957635364	0.09445280228730304
120.26135265511518	0.0938793275086919
120.58182573387671	0.0933108472155562
121.57885309002371	0.09157357049017993
121.6500693297485	0.09145126422646546
122.43344796672115	0.09012126499084334
122.61148856603312	0.08982287506948264
123.25243472355619	0.08876035789566898
123.71534028176731	0.08800419268976854
123.69753622183612	0.08803310431498641
124.2138539598408	0.08720018098269769
124.58773921839594	0.08660408842073437
125.317705675575	0.08545706342575522
125.56696251461175	0.08507039966192197
126.46606754113716	0.08369636611315358
127.30285835790342	0.08244606364221312
127.41858474745618	0.08227526756753542
127.8992943655985	0.0815712282011625
128.3621999238096	0.08090142651321611
128.5224364631904	0.08067141504595424
128.80730142208952	0.08026482252268076
129.4660516395438	0.0793357972470949
129.78652471830532	0.07888942472891992
130.33845057617242	0.07812909907727106
130.87257237410833	0.07740329701710104
131.0684170333515	0.07713959898068555
131.4957144717002	0.07656872584521116
131.76277537066815	0.07621501182615605
132.29689716860403	0.07551460126945311
132.4571337079848	0.07530628376190746
133.45416106413182	0.07402847338477067
133.29392452475105	0.07423172178141059
133.98828286206773	0.07335673069250291
134.34436406069165	0.07291376363090941
134.71824931924678	0.07245277788401441
135.96453351443054	0.07094607957093382
135.82210103498096	0.07111598002015394
136.26720253326087	0.0705869745774479
136.6054796719536	0.07018870821285102
137.47787860858224	0.06917639873608629
137.38885830892625	0.06927872991018584
137.816155747275	0.06878951684419085
138.51051408459165	0.06800508247689166
139.1870683619771	0.06725307901871627
139.56095362053225	0.06684262086649664
140.13068353833054	0.06622405743839635
140.3799403773673	0.06595602295318329
141.05649465475275	0.0652363185819244
141.2701433739271	0.06501139002640752
142.40960320952368	0.06383040726993527
142.24936667014293	0.06399460909561218
143.13956966670276	0.06308999273608668
143.44223868553308	0.06278661124182414
143.8339280040194	0.06239710515681135
144.36804980195532	0.06187153788825502
145.0446040793408	0.06121491228790955
145.59652993720786	0.06068664113231904
146.36210451424932	0.05996466825400188
146.9852466118412	0.05938609927108444
147.78642930874506	0.05865395000614716
147.75082118888267	0.058686213630628974
148.30274704674974	0.05818897957381509
148.69443636523607	0.0578397707441102
149.46001094227753	0.057165872877919265
149.42440282241512	0.05719696600672244
150.2433895792502	0.05648792732956804
150.42143017856213	0.05633546173617499
150.99116009636043	0.05585152818542723
151.56089001415873	0.05537354859280552
151.56089001415873	0.05537354859280552
152.2374442915442	0.054813549460613474
152.86058638913607	0.05430493503404381
153.2878838274848	0.05396008297913012
154.40953960315017	0.053069685718798235
154.12467464425103	0.05329380621753036
155.19291824012282	0.05246029459336362
155.3353507195724	0.05235057765483125
156.2611618359946	0.051645391372551655
156.18994559626984	0.051699150247337164
157.54305415104076	0.05069131230228545
158.3264327880134	0.050120687788475685
158.468865267463	0.050017930352814266
159.09200736505488	0.04957190726191505
159.27004796436682	0.0494455218159962
159.46589262361	0.04930703187189904
159.9287981818211	0.0489818994276343
160.4985280996194	0.048585948720046755
161.31751485645444	0.04802477949691998
162.52819093177578	0.04721213656772085
162.6706234112254	0.04711783265868522
163.0267046098493	0.04688325337571327
163.81008324682196	0.04637304886575487
164.451029404345	0.045961519460213374
164.84271872283134	0.04571260686226566
165.0029552622121	0.04561133676076925
165.537077060148	0.0452760869287023
165.76852983925357	0.045131910268403026
165.82194201904716	0.04509873237173255
166.64092877588217	0.04459436025847105
166.6943409556758	0.04456174823591056
167.40650335292366	0.044130174126263064
167.90501703099713	0.04383163441508577
167.97623327072193	0.04378922274949591
168.43913882893307	0.04351497768610114
169.6498149042544	0.04280927444870418
169.93467986315358	0.042645615896594526
170.43319354122707	0.04236136704820694
170.78927473985098	0.04215999432377599
171.2165721781997	0.04192015590669667
171.43022089737408	0.041800970540187644
171.786302095998	0.041603406430118305
171.92873457544755	0.04152475591294794
172.85454569186982	0.04101869114080295
173.63792432884247	0.040597366957823344
173.78035680829203	0.04052143027300039
174.63495168498943	0.04007006190301262
174.8486004041638	0.03995834741943858
175.27589784251253	0.039736255112921136
175.70319528086125	0.039515929561683684
175.88123588017322	0.03942464431774778
176.9850875959074	0.03886537118502358
177.6616418732929	0.03852820083162594
178.40941239040313	0.03816039910936955
178.94353418833902	0.037900759300122176
179.29961538696296	0.03772907148249287
179.5488722259997	0.037609552918069514
179.90495342462364	0.03743975190242944
181.11562949994502	0.036870580485334176
181.00880514035782	0.03692030054470277
182.0770487362296	0.03642738889001092
182.75360301361508	0.03612007818904859
183.96427908893645	0.035579358133914746
183.7150222498997	0.03568972974118021
184.6408333663219	0.035282232966774345
185.17495516425782	0.035050166407190976
185.2461714039826	0.0350193896130538
185.95833380123048	0.03471374070014058
186.45684747930397	0.03450205639993368
186.7417124382031	0.034381923664615115
187.02657739710227	0.034262389447821555
187.31144235600138	0.034143449854627236
187.59630731490054	0.03402510102139317
187.8811722737997	0.03390733911546896
188.16603723269884	0.033790160334897935
188.450902191598	0.033673560908124456
188.73576715049714	0.03355753709370558
189.02063210939627	0.033442085180026365
191.01468682169028	0.03264962936386681
190.44495690389198	0.032873276268736186
191.441984260039	0.032483321743364824
191.86928169838774	0.03231822479850186
192.439011616186	0.032099958949989155
192.5814440956356	0.03204572243298118
193.5784714517826	0.031669715730894756
193.8633364106817	0.031563445833036136
194.50428256820481	0.031326197962682
194.61110692779198	0.03128690506139146
195.6793505236638	0.03089782805840092
196.5695535202236	0.030578867241337255
196.85441847912276	0.030477795203453815
197.2104996777467	0.03035212634571054
197.6377971160954	0.030202300545569775
198.84847319141676	0.029783498504034545
199.41820310921506	0.02958928706541279
200.20158174618768	0.029325192756991657
200.7000954242612	0.02915888572044598
201.1630009824723	0.029005663502577154
201.51908218109628	0.028888582988755292
202.55171765710566	0.028552848417557772
202.3380689379313	0.02862185104998778
203.3350962940783	0.028301864637737834
204.9730698077484	0.0277871796425853
205.5427997255467	0.027611295343925008
205.9700971638954	0.027480425165648897
206.68225956114327	0.02726427157069356
206.9671245200424	0.0271784905780102
207.25198947894157	0.027093094985852443
207.53685443784067	0.02700808253342937
209.5309091501347	0.026423536777581774
208.96117923233643	0.026588689378534352
211.80982882132787	0.025777384123309224
212.94928865692444	0.025462751856370557
213.2341536158236	0.025384951664552402
214.94334336921847	0.02492520744223749
216.08280320481504	0.024625293766943165
217.64956047876035	0.024221263300905047
217.8632091979347	0.024166903142407013
218.8602365540817	0.023915512434747703
219.2163177527056	0.0238266348341829
219.50118271160477	0.02375587198265288
220.9255075061005	0.023406520688925455
220.64064254720137	0.023475801352315154
221.4952374238988	0.023268832431393414
222.0649673416971	0.023132297645937876
222.4922647800458	0.02303064594061183
223.06199469784409	0.022896099529939786
223.63172461564238	0.0227626723653764
224.20145453344068	0.0226303523133279
224.77118445123898	0.022499127402516254
225.34091436903725	0.0223689858213974
225.62577932793639	0.022304317631418297
226.6228066840834	0.02208006807244369
227.47740156078086	0.021890406159687615
228.1895639580287	0.021734125323199648
228.61686139637743	0.021641119934227883
230.04118619087313	0.021335170079393784
231.60794346481845	0.02100570259948269
231.46551098536887	0.0210353531675975
233.17470073876373	0.020683444027759637
233.17470073876373	0.020683444027759637
234.3141605743603	0.020453484948669016
234.3141605743603	0.020453484948669016
235.16875545105776	0.02028340079433835
236.16578280720475	0.020087506737869597
236.4506477661039	0.020032032477537872
238.4447024783979	0.019649758339400705
238.4447024783979	0.019649758339400705
240.72362214959105	0.01922548125703888
240.72362214959105	0.01922548125703888
241.86308198518762	0.019018225874814127
243.28740677968338	0.018763605437546634
243.14497430023377	0.018788848188795382
243.99956917693123	0.01863811356394667
244.28443413583034	0.018588251459674708
245.42389397142693	0.018390691664160318
245.56632645087652	0.01836620723348641
246.27848884812437	0.018244478820718422
246.49213756729873	0.0182081843737926
247.48916492344574	0.018040162644214933
248.1301110809688	0.017933312419667696
249.83930083436366	0.01765274648332784
249.83930083436366	0.01765274648332784
252.11822050555685	0.017288284770223934
252.11822050555685	0.017288284770223934
253.82741025895172	0.017021928740557857
254.11227521785085	0.01697810469680952
254.9668700945483	0.016847591898195603
256.391194889044	0.016633222985413417
256.81849232739273	0.016569669222413232
259.38227695748503	0.0161955059905659
260.94903423143035	0.015972743128668702
262.9430889437243	0.01569547871479514
263.37038638207304	0.015636956351472886
266.50390092996366	0.015217122416524946
267.7857932450098	0.015049983883722386
270.06471291620295	0.014759228649456354
272.34363258739614	0.014476392045315397
274.6225522585893	0.014201195336683814
276.9014719297825	0.013933371816923407
278.040931765379	0.013802144794139149
279.7501215187739	0.01360857308164036
281.7441762310679	0.013387576505440304
281.60174375161836	0.013403192320184925
284.7352582995089	0.013065524281358631
291.714449792538	0.012355593356534177
306.52742765529354	0.011019771367841878
323.6193251892422	0.009719368285833195
342.99014239438407	0.008493560057940368
364.6398792707191	0.007367223103968592
388.5685358182472	0.006353112419280325
417.0550317081617	0.0053851696673269936
451.2388267760591	0.004477321315344121
492.25938085753603	0.0036488460552936385
542.3956136180883	0.0029021668943508936
605.0659045702027	0.002239521434715884