 t [day]	Mdot [M_\odot yr^-1]
4.771590544122507	0.03169451099942763
6.534192477253994	0.12291140617758413
9.164742332031311	0.29979433339090367
9.94812096900396	0.5233427713836311
12.120216280609938	0.9641161405558677
13.455520775449681	1.3320988131167715
15.329398083208115	2.0068651060372007
17.02746029914599	2.6820972448866858
19.466616509719916	3.6084647690395464
20.64168446517889	3.9975699691058204
22.494419451769033	4.451921144285358
24.071191509425628	4.600504193210741
25.759238941652196	4.488443932736433
27.382746656628186	4.186090428898805
29.00736712534987	3.7942599428928303
30.712105863761945	3.3692406669454122
32.42797213963101	2.971826069219068
34.16275522917697	2.6178819341943784
35.84523889267505	2.3223286112818764
37.43981501026285	2.0819690598778036
39.057758956510334	1.8725428781911404
40.64677130536962	1.6956613898318154
42.3025488789709	1.536870557184805
43.944973407623785	1.4008571797745786
45.67641823593265	1.2767142991802316
47.165282747678965	1.1831709123634222
48.789903216400646	1.092796369777197
50.40339614766533	1.0132776564877235
52.06362473624941	0.9404696245204436
53.77281448964428	0.8736253266017043
55.51316134791875	0.8127601342214553
57.73421782462038	0.7439820274122342
59.94192125637362	0.683911981378601
61.860308713960045	0.6373659108267604
63.756441096632486	0.5957836772375762
65.37661055037137	0.5633042857757299
67.2504878581298	0.5288312267803928
68.7549309223159	0.5033011010005165
70.39735545096879	0.4773886237999142
72.08429012944967	0.4527000563166566
73.72671465810255	0.4303603646603437
75.41810035156622	0.40894272195967724
77.0694269101847	0.3894478081725009
78.71185143883758	0.37132448532454754
80.46110032707766	0.35329245866327563
82.16138805050693	0.33691488732435204
84.17324682273214	0.31887160801982584
86.10053631028416	0.30282430735200583
88.02337478285338	0.28791258898662764
89.83493788085264	0.2747824986572221
91.5841867690927	0.2628817219858998
93.32008261238437	0.2517693725021271
94.96250714103724	0.24184858718473443
96.7251090742257	0.23179750818440656
98.48771100741416	0.22231934748282917
100.3927454200522	0.21267236674338455
102.4758204320022	0.20277977929681124
103.70430056725475	0.19724495139685413
105.5559228000992	0.18929418569177722
107.74582217163636	0.18045802895651372
109.10783275637291	0.1752513790958655
111.03067122894214	0.16825264799634848
112.66864474261223	0.16259614450053536
114.27101013641992	0.15731754257383307
116.01580800967717	0.1518394699598721
118.31253174080153	0.14502900806446864
119.70124841543485	0.14111798146019797
121.41934019879533	0.1364818082378908
122.95939138284383	0.13250637551425865
124.76650346586028	0.12804661043275714
126.2442404401496	0.12455547134169292
128.07805861306284	0.12040706066099895
130.28576204453123	0.11566711400751409
132.61809389551797	0.1109410039050492
134.5053242482248	0.10731424800118652
136.0008652824453	0.10455820816620379
137.63883879611538	0.10165322672915848
139.24120418992308	0.09892072557301482
141.03941424297395	0.0959764958110706
142.85542835595598	0.09312753351649083
144.7782668285252	0.09023987003734606
147.09279461958076	0.08692953401337111
148.57053159387007	0.08490543274988303
150.5111741263705	0.08234738815978615
152.5764450783893	0.07974352356460336
154.46367543109614	0.07746512043805427
156.261885484147	0.0753791975912218
159.16394725293202	0.07217744331910501
160.62388016729017	0.07063939088156351
162.29746180082262	0.06893289407672273
163.9532393744239	0.06730159246225058
165.55560476823158	0.06577462366462478
167.69209195997516	0.06381413239810865
169.0808086346085	0.0625840483253407
171.09266740683373	0.06086094781602465
173.62084391706364	0.05878967902696998
175.63270268928883	0.05721224336223564
177.911622360482	0.05549706264447816
179.83446083305122	0.05410613634227745
181.5080424665837	0.05293547225242768
183.43088093915293	0.05163437191729716
185.3181112918598	0.05040108428356881
187.7394634425025	0.04887915194846511
189.7335181547965	0.047674330381823005
191.3358835486042	0.04673649626917918
193.40115450062302	0.04556591025207057
195.4308173327794	0.044455636450252814
196.8907502471375	0.04368061487448325
198.95602119915634	0.042616605054480984
201.98271138745974	0.04112258517089714
204.2616310586529	0.04004624661705492
204.40406353810246	0.03998030745767845
206.3981182503965	0.03907310439358881
208.74825416131443	0.03804092636984882
210.67109263388366	0.03722493505692282
212.95001230507683	0.03628959479616751
213.94703966122384	0.03589083650942742
216.65325677076572	0.034839287853467606
217.86393284608707	0.034382954909594796
220.07163627755546	0.03357235109052292
221.06866363370247	0.03321512531092488
222.77785338709734	0.03261514590911637
224.55825938021698	0.0320063521069241
226.6235303322358	0.03132010904336504
228.40393632535546	0.0307451131516286
230.96772095544773	0.029943029738557215
234.67096542113663	0.028835792217542663
235.881641496458	0.028486366287636716
238.16056116765117	0.02784467565289218
240.72434579774344	0.027146925984209407
242.29110307168875	0.02673263199611506
244.5700227428819	0.026145800381973814
246.06556377710243	0.02577053606331573
247.56110481132293	0.025402832726741625
249.69759200306652	0.024890269411784523
251.97651167425968	0.02435948049159962
254.25543134545282	0.02384452640275356
256.67678349609554	0.023314057995790807
259.81029804398617	0.022651958457519928
261.51948779738103	0.0223019465212521
263.51354250967506	0.021903160284418768
266.78948953701524	0.02126952220282091
268.07138185206134	0.021028600101064908
270.06543656435537	0.020661410024983298
272.62922119444767	0.020202445024165825
274.4096271875673	0.019892124775815846
275.7627357423383	0.019660751869450703
278.3265203724306	0.019232636639068133
279.4659802080272	0.0190465682889303
281.175169961422	0.018772183037429988
283.8813870709639	0.018348990237118525
285.0920631462853	0.018164004943890335
287.79828025582714	0.017759883198087138
289.4362537694972	0.017521402306371725
290.860578563993	0.017317671180730868
292.85463327628696	0.017037999961630808
295.845715344728	0.01663026004263157
299.6913922898665	0.016125892631765
300.54598716656386	0.016016734733128354
304.24923163225276	0.015555514706436725
304.53409659115187	0.015520812094631175
306.81301626234506	0.01524706382757836
309.09193593353825	0.014980044802986463
310.51626072803396	0.014816480227836767
312.510315440328	0.014591670472034086
314.7892351115211	0.01434056168040402
315.7862624676681	0.014232605636278636
318.9197770155587	0.013900642132438626
320.486534289504	0.013738722383961623
322.480589001798	0.01353644212349071
324.47464371409205	0.01333831225110492
326.18383346748686	0.01317170687351812
329.0324830564784	0.012900447482285998
331.0265377687724	0.012715201987623586
333.59032239886466	0.012482459978596386
334.160052316663	0.0124315508737884
335.86924207005785	0.012280556953352619
337.72086430290227	0.012119862599197208
340.85437885079284	0.011854554330180301
342.7060010836373	0.01170158991941064
345.5546506726288	0.011471604475117244
345.8395156315279	0.01144895481811433
347.8335703438219	0.011292145622484092
350.3973549739142	0.011094914975513086
354.3854643985023	0.010797568946098676
356.6643840696954	0.010632642004538574
358.37357382309034	0.010511249786436548
359.2281686997877	0.010451279529265072
360.794925973733	0.010342570101208731
363.6435755627245	0.010148929148682394
367.77411746676205	0.009877039074874278
368.20141490511077	0.009849495655419462
370.3379020968544	0.009713375911008026
372.7592542474971	0.009562263211917887
375.7503363159381	0.00938009076813044
379.453580781627	0.009161191215886991
381.7325004528202	0.009030015605504744
383.441690206215	0.008933348766452267
384.29628508291245	0.008885556531721052
386.57520475410564	0.008759842566485312
388.8541244252988	0.00863659732024657
392.84223384988684	0.008426672554335693
394.26655864438254	0.008353424441008832
397.6849381511723	0.00818121478850164
399.96385782236547	0.008069148615488771
401.67304757576034	0.007986499382168907
402.52764245245777	0.00794561707527969
404.8065621236509	0.007838014308524797
408.5098065893398	0.007667448902144509
409.36440146603724	0.007628823615439029
412.2130510550287	0.007502014254243629
413.6373758495244	0.007439709686655833
415.63143056181843	0.007353688613832814
419.04981006860817	0.007209418570581955
421.61359469870047	0.0071037920354523505
423.0379194931962	0.007046040601644771
425.31683916438936	0.006954990605195227
427.31089387668334	0.006876660886506141
430.72927338347307	0.006745214121185041
431.8687332190697	0.00670217627924969
434.43251784916197	0.006606729317573515
435.57197768475856	0.006564915506751286
438.9903571915483	0.006441663070302835
440.98441190384233	0.006371249636944538
443.26333157503547	0.006292082400559291
445.54225124622866	0.0062142778814974235
447.8211709174218	0.00613780604369224
450.10009058861493	0.006062637659081567
450.66982050641326	0.006044045877173549
452.9487401776064	0.005970466896553661
456.9368496021944	0.005844672531201277
459.21576927338754	0.005774440959638085
460.35522910898413	0.005739764957124473
463.7736086157739	0.005637458628028586
466.0525282869671	0.005570658739416534
468.04658299926103	0.005513108546908204
468.47388043760975	0.005500884026941183
472.746854821097	0.005380686025850542
475.1682069717397	0.005314190287969052
477.4471266429329	0.005252645259090015
478.0168565607312	0.005237413943104521
482.00496598531925	0.005132494497875226
484.2838856565124	0.00507384880727927
486.5628053277056	0.005016130433089338
488.8417249988987	0.0049593206171165425
489.9811848344953	0.004931250683438399
492.26010450568845	0.0048757695418004945
495.6784840124782	0.00479416179774992
497.9574036836713	0.004740807688673938
500.23632335486445	0.004688275025521315
502.5152430260577	0.004636547633328414
504.79416269725084	0.004585609725480562
507.07308236844403	0.004535445892703431