 t [day]	Mdot [M_\odot yr^-1]
4.763108010169546	0.024053626584148922
5.760135366316553	0.10001869423709348
6.881791141981936	0.27400431041366424
7.5939535392297985	0.5518019624506345
8.590980895376806	1.057800027723137
9.565753176609817	1.6278701730963316
10.856547521621566	2.5076317584125234
11.599867023749026	3.1033722515810322
12.817219621544588	4.254739933825367
13.58501970607744	5.091626772431658
14.417359507860878	6.063678092048533
15.03271232923286	6.787352777132075
15.920689818301287	7.746592742237681
17.125802124894157	8.653242680155373
18.118378466058363	8.898895431542087
18.69812316756795	8.830812599287272
19.646189358904167	8.462066285012614
20.569774967834988	7.919873241208379
21.434384628243723	7.356420850109383
22.302332549889556	6.802066794086919
23.21033960638058	6.268806805062512
24.072723759297908	5.81755173503586
24.988520092008837	5.396471501522729
26.014479045544036	4.98781448522071
26.82011275743068	4.7065183004510365
27.710315753990507	4.4293722486828395
28.63056310168423	4.173845163476214
29.579742046766146	3.937584184814177
30.880551175489195	3.650479269309552
31.399094420985296	3.546012758067597
32.3805432246925	3.361597579807712
33.32304564730022	3.1989778111364346
34.23105270379124	3.0540442150273885
35.44284153285831	2.876354552523418
36.642390070722676	2.7160194796062846
37.710633666594475	2.584728939645295
38.99030047414922	2.4401197114875988
40.17649596706519	2.317113266267009
41.460613789602746	2.1946609822865955
42.01587790870694	2.1448714242898967
42.97507163750016	2.063017991778988
43.771803319421196	1.9987857739386226
44.744350093162815	1.924673317784971
45.91941804862179	1.840953432499245
47.04107382428717	1.7664991966010395
47.953531895760996	1.709552097181477
48.9527847593994	1.6506372145753547
49.81183065107963	1.60267649204882
50.657523497811475	1.5577298253176906
51.63229577904448	1.5085361193850844
52.5314008055699	1.4654821592610536
53.359289592370544	1.4276828042321534
54.26062012638737	1.3884175785413648
55.179754720335396	1.3502789090783636
56.143399464111404	1.3122246460244198
57.071436089164486	1.2773264382060003
57.96609010184657	1.2452074720226847
58.82736150101821	1.2156160326128507
59.726466527543636	1.1860344888931709
60.756876496061636	1.153678543317744
61.62037340272467	1.1277589595230568
62.51280190677589	1.1020482977329285
63.58994753261328	1.0723879917788608
64.40003225948273	1.0510131596832217
65.49053093026852	1.0234255273247816
66.56322554112312	0.997536792016751
67.42227143280334	0.9776433872399168
68.27018978702658	0.9586993863733444
69.16484379856921	0.9394185327859267
70.03724273519784	0.9212814993159815
70.92299471677487	0.9035039865418139
71.90221801299067	0.8845592780114387
72.93485348900008	0.8653444358777997
73.8829196803363	0.8483558799662976
74.78202470686172	0.8327919868906049
75.65887465847315	0.818101692218478
76.437802280463	0.8054382377710017
77.35471136691963	0.790976498157487
78.20930624361705	0.7779118933823533
79.12621533007368	0.7643189776023696
80.04312441653029	0.7511456178762617
81.07575989253971	0.7367882885480306
81.87249157446075	0.7260419822640976
83.04310851493693	0.7107508717454493
83.91995846654835	0.6996680135731573
85.03938873472234	0.685958146430343
86.1565934954049	0.6727431745019209
87.01341387959374	0.6629099746384384
88.18848183505273	0.6498305890025654
89.00301757690497	0.6410283836344809
89.97778985813798	0.6307667588114256
90.9280815569656	0.621037164366766
91.87614774830182	0.6115893375238964
93.00893106142419	0.6006257024045204
93.78785868341403	0.5932841144368464
94.70031675488788	0.5848806092389424
95.91989486017484	0.5739670931839116
96.56084101769791	0.5683722522598336
97.39763183446415	0.5612086806039033
98.43026731047354	0.552581256555049
99.49851090634533	0.5438944462148375
100.27743852833518	0.5377074607504232
101.34568212420697	0.52941698422574
102.46733789987238	0.520945385875802
103.28632465670741	0.5149053220274641
104.359019267562	0.5071733218644278
105.46287098329618	0.499421430691373
106.37087803978721	0.4931949453208183
107.24327697641584	0.48733601429516654
108.35157970713283	0.48006145751186896
109.23733168870986	0.4743790171634037
110.30112426959884	0.46770341162776263
111.49399628498902	0.4604046168824781
112.81149671989756	0.45256399636895495
113.49250201226583	0.44859898983556945
114.82780650710558	0.4409919851777685
115.61118514407823	0.4366294722850221
116.69278178489841	0.4307240812036101
117.75657436578742	0.4250452750868454
118.68683649719243	0.4201811976906364
120.32926102584531	0.4118172240031085
120.53400771505409	0.41079404419294613
121.37970056178591	0.4066124285814057
122.44349314267492	0.4014522120238368
123.43161846885633	0.3967559131558994
124.35297857029573	0.3924586232996146
125.19867141702758	0.38858184599402623
126.35148429757255	0.38339857432443836
127.40192383351315	0.3787745898848723
128.55473671405812	0.37380529524676787
129.42713565068678	0.3701159876193319
130.17490616779702	0.3670013624524592
131.11852134415042	0.3631323334003726
132.09329362538344	0.3592057295027606
133.54432450977598	0.3534888817488546
134.14521153245386	0.3511652212675605
135.17784700846326	0.34723023901393596
136.3885230837846	0.34270837636454726
137.65261133889956	0.33808939435623786
138.08435979223108	0.33653516458140365
139.0991912083093	0.33292775208792835
140.29651423868225	0.3287525356155958
142.05021414190512	0.3227901747817863
142.45970752032264	0.3214234316336462
143.33210645695127	0.3185430675737788
144.50717441241025	0.3147296201432106
145.71339947274882	0.31089211172606634
146.61250449927425	0.3080811649257977
147.49825648085127	0.30535233898556924
148.45077368717028	0.3024616012807466
149.79498021197563	0.29845747447787635
150.872125837813	0.29531088944749
152.16292018282476	0.29161085923537416
152.955200849763	0.28937707145151026
153.94332617594443	0.2866299374791303
155.40325909030253	0.28264812410585677
156.45814964122593	0.2798267395534407
157.56200135696014	0.27692315453064265
158.7682264172987	0.2738059263166034
160.13023700203522	0.2703541444538899
160.81569330938632	0.2686436490550501
162.05307547460444	0.2656000618543604
163.53081244889376	0.26203804681502
164.46552559528158	0.25982484207321205
165.58718137094698	0.2572088054469762
166.01447880929567	0.256223450862504
166.9402899257179	0.25410941793326
168.09755382124567	0.2515064234464849
169.14799335718627	0.24918095646082908
170.25184507292045	0.2467746080512148
171.22216633917068	0.24469032294688942
172.53966677407922	0.24190564628926992
173.22512308143027	0.24047712507329494
174.2755626173709	0.23831434529098333
175.7978097414882	0.23523563041184303
177.00848581680958	0.2328328120012924
177.96100302312857	0.23097018758913548
179.61678059672985	0.2277892904667154
180.00846991521618	0.22704719504093462
180.78294652222323	0.22559134921000668
181.86899417802624	0.22357514311996704
183.3556331822811	0.22086220759931102
185.11823511546962	0.21771413454726368
186.43573555037815	0.21540820553940718
186.92534719848604	0.21456133787495837
188.15382733373863	0.21246004600524188
189.2843851393696	0.21055553613310582
190.00544956658305	0.20935524359959956
191.14490940217962	0.20748094028492411
192.22205502801702	0.20573399387511543
195.49800205535718	0.20056474614772213
195.5336101752196	0.20050971760744857
196.88671872999052	0.19843660994202547
198.90747953218133	0.19540455644282007
199.29026682070204	0.19483865241476334
200.10925357753712	0.19363675665570976
201.1240849936153	0.19216402542154362
202.1211123497623	0.19073471489208618
204.61368074012984	0.18723579920261263
205.57509997641444	0.18591391589879513
205.98459335483196	0.1853554752641888
206.87479635139178	0.18415080471205306
208.15668866643793	0.18243822115011393
209.2783444421033	0.1809607696736272
210.57804081708065	0.17927289827240478
212.5364874095123	0.17677725499632485
213.39108228620975	0.17570583720812563
213.73826145486805	0.17527357576943065
215.21599842915737	0.17345282508241272
215.58098165774692	0.17300783828588076
217.5750363700409	0.17060902508308062
219.7115235617845	0.16809812912127814
220.6373346782067	0.16702862087808457
221.9192269932529	0.16556586808953697
222.8806462295375	0.16448237972413973
224.51861974320755	0.16266271505830185
226.65510693495116	0.1603378369832033
226.65510693495116	0.1603378369832033
229.0052428458691	0.15784209694982324
229.1298712653875	0.15771150872011416
230.67882447940158	0.1561029979771647
232.93994009066355	0.15380225695647928
233.66990654784263	0.15307122607006432
234.1372631210365	0.15260614351033444
235.62390212529144	0.15114188290483804
236.55416425669645	0.15023718418400736
237.81825251181138	0.14902184494028356
239.47403008541266	0.1474538992846194
241.00517923949556	0.1460276655685087
243.28409891068873	0.14394598789748203
243.42653139013828	0.14381748502227945
244.56599122573488	0.14279613479786632
246.09714037981777	0.14144213343368436
247.21879615548315	0.1404634319880651
248.019978852387	0.13977107706580583
250.04964168454342	0.13804171550566635
251.18910152013999	0.137086031715574
251.33153399958957	0.1369673275649874
252.47099383518614	0.1360236789589917
253.93092674954426	0.13482998680392932
256.8507925782605	0.13249309156581962
258.72021887103614	0.13103128534977507
260.9813344822981	0.12929795410683484
265.28991698564766	0.1260966019125399
267.6400528965656	0.12440441064359722
267.85370161573996	0.12425240992101086
272.2691084786767	0.12117752709819292
272.4115409581263	0.12108040616561454
275.75870422519125	0.11883406884175672
277.4678939785861	0.11771307248969963
277.64593457789806	0.11759729373729899
278.60290279919985	0.11697815125819218
279.82248090448684	0.11619677296764815
283.52127435519293	0.11387828083641428
285.3728965880374	0.11274583849974108
286.04945086542284	0.11233663755128928
290.25120900918523	0.10984866571660924
292.8506017591399	0.10835419023308752
293.0642504783143	0.10823283427710051
295.77046758785616	0.10671467021800386
297.90695477959974	0.10554052735540011
299.4024958138203	0.10473112971165519
299.6873607727194	0.10457810853646467
304.10276763565616	0.10225222847738026
305.1710112315279	0.10170220279386076
307.20067406368435	0.10067038889356286
307.2718903034091	0.10063449608029895
311.0819591286852	0.09874431460466057
313.3608787998784	0.09764132891597752
314.7852035943741	0.09696216181148659
315.49736599162196	0.09662547275256388
318.2747993408886	0.09533049488935962
317.9543262621271	0.09547846113128261
321.0878408100177	0.09404763331748836
322.476557484651	0.0934247113707598
325.28959895378006	0.09218341629647549
327.03439682703737	0.0914270159567285
329.3133164982305	0.09045427620463375
331.59223616942364	0.0894983886393307
333.87115584061684	0.08855895401687731
336.15007551181	0.08763558502569303
338.4289951830031	0.08672790585693006
340.70791485419625	0.08583555179293154
342.98683452538944	0.08495816881291399
344.126294360986	0.08452498367950785
345.2657541965826	0.0840954132150582
348.11440378557404	0.08303703095372433
349.8235935389689	0.08241245879429222
352.10251321016204	0.08159162097538601
354.3814328813552	0.08078413189363005
355.6633251964014	0.08033567350370262
356.30427135392443	0.08011297664202544
359.5802183812646	0.07899043401831257
360.93332693603554	0.07853430198451707
361.2181918949347	0.07843882601735545
365.6335987578714	0.07698302029240801
367.48522099071585	0.07638570137964741
367.9125184290646	0.07624894115289052
372.3279252920014	0.07485902661395427
374.89170992209364	0.07407100774400531
377.17062959328683	0.07338194717863614
379.44954926447997	0.07270338186413987
381.7284689356731	0.07203509258260565
384.00738860686624	0.07137686589940252
386.28630827805944	0.070728493979379
388.56522794925263	0.07008977440990859
390.8441476204458	0.06946051003044659
391.6987424971432	0.0692269341931806
392.55333737384063	0.06899465098380533
395.8292844011808	0.06811603051950878
397.6809066340253	0.0676275518020642
399.9598263052184	0.0670342359970293
402.23874597641156	0.06644946281916854
404.5176656476047	0.06587306337412789
406.51172035989873	0.06537545338058712
406.9390177982475	0.0652696299681479
411.2119921817347	0.06422676837028952
413.63334433237736	0.06364797011202013
415.9122640035705	0.06311104927518099
418.19118367476364	0.06258157313881635
420.4701033459569	0.06205939983322691
422.74902301715	0.061544390907461236
425.02794268834316	0.061036411230026934
427.30686235953635	0.06053532889296825
429.5857820307295	0.06004101511918631
431.8647017019226	0.05955334417286822
434.1436213731158	0.05907219327290994
436.42254104430896	0.05859744250922368
438.7014607155021	0.05812897476180571
440.9803803866953	0.05766667562247508
443.2593000578884	0.05721043331918345
445.53821972908156	0.05676013864277531
446.3215983660542	0.05660670416608581
450.0960590714679	0.055876967725664826
452.3749787426611	0.05544388525483763
454.6538984138543	0.055016337820045266
456.9328180850474	0.05459422800836743
459.21173775624055	0.0541774605773583
461.49065742743375	0.05376594239672322
463.7695770986269	0.053359582391834186
466.04849676982	0.0529582914890003
468.32741644101316	0.05256198256244719
470.60633611220635	0.05217057038294028
472.8852557833995	0.05178397156798018
475.1641754545926	0.05140210453354135
477.4430951257859	0.05102488944727352
479.722014796979	0.0506522481831325
482.0009344681722	0.050284104277379095
484.27985413936534	0.049920382885910206
484.70715157771406	0.04985267150214933
488.8376934817516	0.049205916120459825
491.11661315294486	0.04885502879005118
493.395532824138	0.04850827998430057
495.6744524953312	0.04816560236049578
497.95337216652433	0.04782692996493055
500.23229183771747	0.0474921981983257
502.51121150891066	0.04716134378226555
504.7901311801038	0.046834304726596526
507.06905085129694	0.04651102029776936
509.3479705224901	0.0461914309880929
511.62689019368327	0.0458754784858687
513.9058098648765	0.04556310564636953
516.1847295360695	0.04525425646364872
517.7514868100149	0.045043938076282486
518.2500004880884	0.04497735956328798
522.6654073510251	0.0443947445464103
523.7336509468969	0.044255675098358635
526.0125706180901	0.043961406396383934
528.0066253303842	0.04370658418359723
529.8582475632286	0.043472158567382777
532.1371672344217	0.043186496908570064
534.4160869056149	0.0429039487230369
536.695006576808	0.04262446710843875
538.9739262480011	0.042348006059119876
541.2528459191943	0.042074520445400755
543.5317655903875	0.0418039659934396
545.8106852615806	0.04153629926562013
548.0896049327738	0.04127147764147901
550.368524603967	0.041009459299129185
552.6474442751601	0.04075020319718544
554.9263639463533	0.04049366905716766
557.2052836175465	0.04023981734636578
559.4842032887396	0.039988609261153024
561.7631229599327	0.03974000671074319
564.0420426311259	0.03949397230136331
566.3209623023191	0.039250469320842425
568.5998819792095	0.03900946172299809
572.0182614859992	0.03865255192198586
576.5761008283855	0.03818508099732851
581.1339401707719	0.03772697483793213
585.6917795131583	0.037277974682466124
590.2496188555446	0.03683783082106722
594.8074581979308	0.03640630221396898
599.3652975403172	0.035983156128866885
603.9231368827035	0.03556816779597959
608.4809762250898	0.03516112007979872
613.0388155674761	0.03476180316663285
617.5966549098624	0.034370014267064854
622.1544942522488	0.03398555733250839
626.7123335946351	0.03360824278511821
631.2701729370214	0.03323788726031223
635.8280122794077	0.0328743133612627
640.385851621794	0.03251734942469841
644.9436909641803	0.03216682929743242
649.5015303065667	0.03182259212305983
654.059369648953	0.03148448213828794
658.6172089913393	0.03115234847841467
663.1750483337257	0.030826044991471756
667.732887676112	0.03050543006060663
672.2907270184983	0.030190366434277607
676.8485663608847	0.029880721063872354
681.4064057032709	0.029576364948380538
685.9642450456572	0.0292771729857719
690.5220843880436	0.028983023830745375
696.2193835660265	0.028622249822924533
703.056142579606	0.028199166917584437
709.8929015931855	0.027786477418947485
715.5902007711683	0.027450253977943408
720.1480401135545	0.02718616339531567
725.8453392915375	0.026862001006492057
732.6820983051169	0.026481492459244513
739.5188573186964	0.026109954034314587
746.3556163322759	0.025747093301136115
753.1923753458555	0.02539262991391885
760.0291343594349	0.025046295009819936
766.8658933730144	0.024707830642072666
773.7026523865939	0.024376989245733834
780.5394114001733	0.02405353313392806
787.3761704137528	0.023737234022600175
794.2129294273323	0.023427872581936966
801.0496884409117	0.0231252380127538
807.8864474544912	0.02282912764626456
814.7232064680707	0.022539346565759445
821.5599654816502	0.02225570724882928
828.3967244952297	0.021978029228859438
835.2334835088092	0.021706138774613346
842.0702425223886	0.02143986858680079
850.0464613715648	0.021136108758058915
859.1621400563374	0.020797738591223233
867.1383589055133	0.020509087065626826
875.1145777546894	0.02022712768220543
883.0907966038656	0.019951645323171906
891.0670154530416	0.019682433652695033
900.1826941378141	0.019382187956353446
909.2983728225868	0.01908959133730988
918.4140515073595	0.018804373719099952
926.3902703565354	0.018560658304798416
934.3664892057116	0.018322229151710542
943.4821678904842	0.018056007711098825
952.5978465752569	0.017796255094380625
961.7135252600294	0.01754275322054345
969.6897441092055	0.01732590232565843
976.526503122785	0.01714360996403083
984.5027219719611	0.016934997363886272
993.6184006567338	0.016701786279457956
1002.7340793415063	0.016473953450318282
1011.849758026279	0.016251326596637788
1022.1048965466482	0.016006888645157737
1032.3600350670174	0.0157686052922843
1041.4757137517902	0.015561790554778179
1051.7308522721592	0.015334553316566784
1063.125450628125	0.015088578739656654
1073.3805891484942	0.014872855466519138
1083.6357276688636	0.01466230172148351
1095.0303260248293	0.014434206992819217
1106.4249243807951	0.014212056393022782
1116.6800629011643	0.014017025058834823
1126.9352014215335	0.013826484108984008
1137.1903399419027	0.013640289746389787
1147.445478462272	0.01345830403580125
1159.9795366538342	0.01324139987620488
1172.5135948453967	0.013030354344309538
1183.9081932013626	0.01284339351500354
1195.3027915573284	0.01266093509622274
1206.697389913294	0.012482828250377616
1218.09198826926	0.012308928572892414
1230.6260464608224	0.012122333316585843
1243.1601046523847	0.01194048549884295
1255.694162843947	0.011763217115856695
1267.088761199913	0.011605902788343636
1277.343899720282	0.01146734686484982
1288.7384980762479	0.01131665723009541
1301.2725562678102	0.011154740738705777
1312.667154623776	0.011010925725544886
1324.0617529797419	0.010870229981948594
1336.5958111713041	0.01071895498084527
1349.1298693628664	0.010571219821446516
1362.8033873900254	0.01041395590039028
1377.6163652527812	0.010248019628522528
1394.7082627867298	0.010062062668818466
1410.6607004850819	0.009893614221726577
1426.613138183434	0.009729901075837401
1443.7050357173828	0.009559538669653691
1458.5180135801381	0.009415949176049335
1475.6099111140868	0.009254768017021634
1494.9807283192285	0.00907768794062063
1512.0726258531774	0.00892616905653741
1529.164523387126	0.008778900103448645
1546.2564209210748	0.008635715153768443
1563.3483184550234	0.008496456528054369
1580.4402159889723	0.008360974299470343
1596.3926536873241	0.008237805437964336
1612.3450913856764	0.008117691359850911
1628.2975290840286	0.008000526426155036
1643.110506946784	0.007894282768844036
1659.0629446451362	0.0077825241627461315
1679.5732216858746	0.0076427389128734405
1703.501878233403	0.007484976457159979
1725.1516151097378	0.0073469539340970695
1742.2435126436867	0.007241019065425623
1761.6143298488284	0.007124066605280662
1782.1246068895668	0.0070036977569910746
1802.6348839303053	0.006886750932736717
1823.002728491594	0.006773868856749398
1842.3735456967358	0.006669404240474967
1860.747335545731	0.006572826283606556
1880.9015313878454	0.006469598650429093
1899.1328887573907	0.006378575173073868
1916.580867489963	0.006293486686304124
1939.3700642018946	0.0061852263673516416
1962.1592609138265	0.006080100807984821
1986.0879174613544	0.0059729544244400655
2005.4587346664962	0.0058885506762351185
2023.6900920360417	0.005810951398836741
2051.0371280903596	0.005697773084995153
2080.663083815871	0.005579340015083495
2108.0101198701886	0.005473692258660182
2136.496615760103	0.005367218652064986
2163.843651814421	0.0052682827646457426
2190.0512280331423	0.005176351107703275
2218.537723923057	0.0050794862621165275
2248.163679648568	0.004981980854202329
2270.9528763604994	0.004909127104983804