 t [day]	Mdot [M_\odot yr^-1]
5.025882435573336	0.06132637304126401
6.948720908142563	0.21895653824822547
9.55033916558866	0.5157907500601716
11.597806057676264	1.0706225743194375
13.195720436501155	1.6927006244376623
15.81291724638705	2.7680663932707583
16.992436216828825	3.257798888412005
18.828479897233468	4.034657626900521
21.361107422446178	5.125142084369013
22.84552091920969	5.72078156869287
25.360344384491203	6.404176319439541
27.105142257748465	6.467842238394437
28.743115771418548	6.2130516901289425
30.701562363850172	5.6573336226907225
31.776482482196165	5.305437036327787
33.59249659517821	4.715225434942883
35.404059693177466	4.177900722437989
37.15553408890892	3.723573218657555
38.835792244915595	3.346497829846219
40.63177679047505	2.999622348763955
42.732655862356246	2.655749454644398
44.21929486661116	2.4460311152143768
46.384713655742935	2.181569244284407
49.1844020799236	1.8980227421173395
51.069406925139035	1.736918871432533
53.423993851039775	1.562854857285453
56.067896750252736	1.3968854681327474
58.12426567173621	1.2854993353596917
60.24739981853139	1.1840209420017036
61.91207942209827	1.112712950333498
63.75479962497712	1.0411258666983343
65.49514648325157	0.9797544167580011
67.38682785094122	0.91908412308562
69.26515617368244	0.8643240993459388
71.23695581106247	0.8120079957358572
73.02626383414771	0.7685870525635223
75.1805550858225	0.7208259880566534
77.62861332636203	0.6718106295895353
80.16124085157473	0.6262158031788272
83.52620817857088	0.5725045876874233
85.31551620165614	0.5467146540635432
86.98019580522302	0.5242503397303019
89.56178449524651	0.49204252363829964
92.12556912533883	0.46288358272090196
93.90597511845849	0.4441155617984162
95.65967502168134	0.4267072879128241
98.21455762180804	0.4030915223496928
99.30950730757665	0.393554990166818
101.11661939059309	0.37852403530439627
103.1818903426119	0.36235222666505684
104.98010039566275	0.3490793038499459
106.84952668843839	0.33601777314219217
108.62993268155803	0.3242277078721636
110.69520363357684	0.3112878979295438
112.3687852671093	0.3013428969356603
114.46076230902491	0.2895442827871255
116.17885409238538	0.28034574431762793
118.1462027147826	0.27032026574619544
119.6862538988311	0.2628276590097721
121.41324771215716	0.2547747723442429
123.2648699450016	0.24652753454350917
125.66841803571315	0.23638015388788558
128.12537830621827	0.2266125096071507
130.07492286868427	0.2192664687903018
131.9888593112879	0.21238001480069116
134.1698566528595	0.20490166908604449
136.33304993449988	0.19784850092511358
138.2736924670003	0.1918105765963445
139.9116659806704	0.18691566455297545
141.65646385392765	0.18189392558143402
143.70393074601526	0.17624126096702367
146.12528289665798	0.16987190382532744
147.70984423053446	0.16587858682346798
149.24099338461738	0.16214471662228058
151.1638318571866	0.15762165311331158
152.97984597016867	0.1535116787910834
154.51099512425156	0.15016292207910384
156.27359705744	0.1464341265234069
159.30028724574342	0.14032935306890745
160.74241610017035	0.13754626559532
163.34180885012506	0.13272274407057147
165.1400189031759	0.129524213986332
167.08066143567632	0.12619273574725523
169.12812832776393	0.12280712139029097
171.21120333971393	0.1194923086404158
173.24086617187032	0.11638227046292834
175.32394118382032	0.11330746049600555
177.72748927453188	0.10989967762923616
180.0598211255186	0.1067290111300742
181.7512068189823	0.10450954951803024
183.7096534114139	0.10201984753821898
185.3832350449464	0.09995783448346571
187.55533035655236	0.09736791277124386
190.20813528630066	0.09433094865956382
192.13097375886989	0.0922122409129624
193.92918381192075	0.09029086322910794
196.26151566290747	0.08788156020874568
198.8609084128622	0.0853014819368141
200.62351034605064	0.08361215359672057
202.68878129806944	0.08169194782751941
205.28817404802416	0.07936208470197655
206.85493132196945	0.07800267007158695
208.81337791440103	0.07634898044020594
210.6650001472455	0.07483044558909974
213.15756853761303	0.07285248000772354
214.51067709238396	0.07180939389907358
217.07446172247626	0.06988981528681996
218.9260839553207	0.06854802666350206
220.70648994844035	0.067291746499663
222.09520662307366	0.06633420604883887
224.5877750134412	0.06466299452057751
226.54622160587283	0.0633911448356142
229.3236549551395	0.061646979612672785
231.4601421468831	0.06035090731303222
233.5610212187643	0.05911350264197449
235.55507593105827	0.05797177960107316
238.29690116046257	0.0564519556677507
240.46899647206854	0.05528745018404932
244.10102469803263	0.053414524254971694
245.41852513294117	0.05275718784179693
248.5520396808318	0.0512388572060995
249.62028327670356	0.05073530377415392
253.465960221842	0.048979110159120424
254.1069063793651	0.04869476348698486
256.0297448519343	0.0478555452861102
259.59055683817365	0.046354397246670315
261.22853035184374	0.04568609301219498
263.00893634496333	0.044974974442910265
265.50150473533085	0.04400535469112912
267.99407312569843	0.04306494507308338
269.84569535854286	0.04238459861569456
272.3382637489104	0.041492449361839365
274.68839965982835	0.04067534757710776
276.18394069404883	0.040167147474650354
279.3886714816642	0.03910790018396162
281.66759115285737	0.038378489646618684
282.3085373103804	0.038176803828138636
283.6972539850138	0.0377449196797618
285.9761736562069	0.037050996916220394
288.3619176869873	0.036343687700447186
290.78326983763003	0.03564516033826661
292.5636758307497	0.03514357498781214
295.62597413891547	0.0343038917590354
297.6912450909343	0.03375351468324866
299.9701647621274	0.03316057146450886
301.6793545155223	0.032725479438542565
304.3855716250642	0.032052919673067136
306.80692377570693	0.031467599165981096
308.94341096745046	0.03096361127676141
311.64962807699237	0.030341461930752513
314.3558451865342	0.029736846177492764
316.34989989882826	0.029302190221071712
318.2015221316727	0.028906585779206545
320.0531443645171	0.028518496319746532
322.61692899460945	0.02799320878971498
325.18071362470175	0.027481511249330473
327.3172008164453	0.02706515331392146
329.3112555287393	0.026684564658460027
331.5901751999325	0.02625882033602676
333.86909487112564	0.025842632282439285
335.57828462452056	0.02553659714771515
338.71179917241113	0.024988722237005455
339.2815290902094	0.024890901075106577
340.9907188436043	0.024600672422000137
342.9847735558983	0.024268096904632726
345.8334231448897	0.02380394226605345
347.82747785718374	0.02348648809825338
350.10639752837693	0.023130983668041536
352.10045224067096	0.02282614405864515
356.3734266241581	0.02219182249889836
358.9372112542504	0.021823173642533583
359.50694117204876	0.021742432644052793
361.50099588434273	0.02146315290641548
363.4950505966367	0.02118893612371244
366.05883522672906	0.02084362217771771
368.3377548979222	0.020543343719296656
370.6166745691154	0.02024916912225223
372.8955942403085	0.019960939408556082
373.75018911700596	0.019854354353350603
375.17451391150166	0.019678500627704553
377.1685686237957	0.019435999733674904
379.1626233360897	0.019197721334181055
381.51275924700764	0.01892218593487942
383.3643814798521	0.01870903794696982
385.7145173907701	0.018443384438847795
388.8480319386606	0.018097444384996123
389.70262681535803	0.018004698364697817
393.12100632214776	0.017640392728676894
395.39992599334096	0.017403318545478316
397.1091157467358	0.017228475016237938
397.9637106234333	0.01714198881330358
400.24263029462645	0.016914355509036427
402.2366850069205	0.01671868676144285
404.373172198664	0.016512595190126832
408.36128162325207	0.016137447637312258
409.35830897939906	0.016045557120230546
411.4947961711427	0.0158511400123075
413.77371584233583	0.015647436033729815
418.18912270527255	0.015263227595472408
419.32858254086915	0.015166258796308467
421.6075022120623	0.014974935110979526
425.025881718852	0.014694334119740709
426.1653415544486	0.01460246391731154
428.44426122564175	0.014421161718059454
430.7231808968349	0.014243048899998804
432.14750569133065	0.014133315882970891
434.1415604036247	0.013981702619779853
436.13561511591865	0.013832396052243883
440.4085894994058	0.013520012423230804
443.25723908839734	0.013317314693725166
445.5361587595905	0.013158261201705903
447.8150784307836	0.013001902013773574
450.0939981019768	0.012848178449336452
452.37291777316995	0.012697033383179426
454.6518374443631	0.012548411197020324
456.9307571155562	0.012402257732797314
459.2096767867494	0.012258520247616063
460.34913662234595	0.012187541391244979
463.7675161291358	0.01197808905942098
466.04643580032894	0.011841296562925523
468.3253554715221	0.011706722379004395
470.6042751427152	0.011574320218446064
471.1740050605135	0.01154155374493883
475.16211448510154	0.011315852656451105
477.4410341562948	0.011189700418272962
479.7199538274879	0.011065546463272777
481.99887349868106	0.010943350043723077
484.27779316987426	0.01082307142401429
485.9869829232691	0.010734097666865125
486.8415777999665	0.010690002132183431
490.82968722455456	0.010487606380809106
493.39347185464686	0.010360374027619263
494.8177966491426	0.010290640445232499
497.95131119703314	0.010139568589701279
500.23023086822633	0.010031681024133526
502.5091505394195	0.0099254264615242
504.7880702106127	0.009820773056530405
507.06698988180585	0.009717689720727942
509.345909552999	0.009616146101447752
511.05509930639386	0.009540980970878564
511.9096941830913	0.009503713097321056
518.4615882377716	0.009224786358620592
528.7167267581408	0.008811181096800891
538.9718652785101	0.008423602771717305
550.3664636344758	0.008020959598391622
561.7610619904416	0.007645314058686314
573.1556603350127	0.007294366010363569
584.550258679584	0.006966050915787861
597.0843168711464	0.006628834703678342
610.7578348983053	0.006287039314336463
624.4313529254642	0.005969971243052495
639.2443307882198	0.005651755602236694
655.1967684865718	0.00533561066682479
672.2886660205206	0.0050243314464949625
690.5200233900658	0.004720280658655709
708.751380759611	0.004441998361536499
726.9827381291565	0.004186716713831676
746.3535553342983	0.003937989948684948
768.0032922106333	0.0036844254817011237
791.9319487581614	0.0034306590997293974
817.0000651412862	0.003190967254981234
843.2076413600076	0.002965366992768358
872.8335970855186	0.002737044178222679
904.7384724822228	0.00251848594741467
938.9222675501202	0.0023112177603411607
976.5244421248074	0.0021105301787409762