 t [day]	Mdot [M_\odot yr^-1]
8.76395690565262	0.06752239360572461
10.27285098482153	0.2254592826678019
11.893020438560415	0.415569801301672
13.722387596490861	0.6470392704810433
15.565107799369706	0.9430224322492855
17.34996480747216	1.2623322899983294
19.010193396056238	1.5798515896077148
20.968639988487862	1.977332265576809
22.969371223256072	2.3752197842028098
24.51943719101587	2.6161702273308745
26.121802584823566	2.7404836772276986
27.707476672445754	2.71910179732726
29.313180327490542	2.5821413316515365
30.953379348652025	2.3775826477827087
32.554631988714014	2.159375146629426
34.1636739049959	1.9473952153554683
35.85839785969667	1.7442432546882887
37.68108849515293	1.5525932043202466
39.39472926353059	1.3967029829809345
41.14175264427925	1.2592007929096258
42.92994791361881	1.1376198156755408
44.56124490481469	1.0410120352613517
46.20589494095898	0.9552975881128833
47.79268178232687	0.8820731404816736
49.44289558719965	0.8143509991439999
51.06751605592134	0.7548829332875541
52.71105333831992	0.7009802189537306
54.386860479343795	0.6516188960409268
56.002578918099886	0.6086772456119411
57.66058199919256	0.5687518897117682
59.30523203533684	0.5327827616881331
60.98994120632632	0.49923918950219864
62.78592575188576	0.4667205171984366
64.45950738541825	0.43907797336634163
66.2532664234863	0.411972183138825
68.11379068629634	0.38630407373906095
69.65829288532764	0.3666859866323665
71.26956030910092	0.3476897969264975
72.87192570290863	0.33014890863628077
74.4742910967163	0.3138311498428835
76.27250114976717	0.29684052717304626
77.92827872336844	0.28231863037565036
79.58405629696972	0.26877611793326245
81.20867676569141	0.2563590653431311
82.89116042918948	0.24433239086708497
84.69382149722314	0.23230734770857558
86.22942166628884	0.22270879095608823
87.9341604047009	0.21269223726500144
89.85254786228732	0.2021600849556234
91.73087618502856	0.1925432201591586
93.43116390845783	0.18438236174223754
95.07358843711073	0.17695270199754087
96.68485586088401	0.17006590091187782
98.42965373414127	0.16302531435450682
100.23676581715772	0.1561572816198232
101.9548576005182	0.14999861827181965
103.61953720408508	0.14435210138519672
105.39104116723912	0.1386660323084515
107.28717354991157	0.13292289856729425
109.1565998426872	0.12758298957955147
110.88359365601326	0.12291444423293818
112.39693875016498	0.11901886039555994
114.08832444362865	0.11486774720715492
115.61947359771155	0.11128375827969583
117.32866335110641	0.10746653384767982
119.07346122436368	0.10375759096004988
120.86276924744894	0.10013894488017967
122.94584425939892	0.09614674561806033
125.10013551107372	0.09225054676068631
126.66689278501902	0.08955572470939185
128.50961298789787	0.08652655508014866
130.2009986813615	0.08387217243091745
131.62532347585724	0.08172540961411498
133.5303578884953	0.07897379515901132
134.88346644326623	0.07709842178570991
136.64606837645468	0.07474877222686019
138.28404189012477	0.0726551877625111
140.04664382331322	0.0704939516299564
141.64900921712092	0.06860744140380098
143.50953347993095	0.06650559421759693
145.61931458177776	0.06423100841410369
147.4709368146222	0.06232464333586305
149.28695092760424	0.06053201355509142
151.67269495838457	0.058286317640967214
153.04360757308672	0.05704909409206787
154.7349932665504	0.05557344345967734
156.42637896001403	0.054151435201317794
158.3136093127209	0.05262504274386832
160.55692086405165	0.05088900600607275
162.92486083490078	0.049143531861085436
164.63405058829568	0.04793608358725912
166.66371342045207	0.046556316243973224
168.6577681327461	0.045255114952806035
169.86844420806744	0.04449021013792743
171.36398524228798	0.04357047706378588
173.60729679361873	0.042240838945322594
175.20966218742643	0.04132617870257221
176.74081134150933	0.040478276576261976
178.52121733462897	0.03952314124147194
181.26304256403324	0.038113861055178375
182.42030645956103	0.03754044735115094
185.09091544924053	0.03626319496858882
186.39061182421784	0.03566389390815966
187.88615285843838	0.034991584037750253
189.73777509128283	0.034183929527454686
191.69622168371444	0.03335825356007245
193.0493302384854	0.03280427708609227
194.72291187201785	0.032137042107678634
196.4677097452751	0.03146179797362189
198.6041969370187	0.03066215444646351
200.56264352945033	0.029954325972743678
202.62791448146913	0.029232824051801554
204.1234555156896	0.028725707040059653
206.25994270743323	0.028022721465906838
209.53588973477338	0.0269915125148887
211.1026470087187	0.02651734907396876
212.84744488197595	0.026003137367249327
215.6248782312426	0.025213432761882884
217.93940602229816	0.024581168805273633
219.00764961816995	0.024296947917821488
221.2153530496383	0.023724195627350755
222.28359664551013	0.023453938161460693
224.70494879615285	0.022857354454629056
226.20048983037336	0.022499612307683433
228.76427446046566	0.02190462738985625
229.4764368577135	0.0217433289527404
231.89778900835628	0.021207379397065705
233.89184372065026	0.02078001211099471
236.17076339184342	0.02030644053652585
238.27164246372465	0.01988335075058885
240.33691341574342	0.01947954858152498
241.47637325134005	0.01926173878439729
244.82353651840498	0.018641596062747397
245.57130703551522	0.018506940373043734
249.55941646010328	0.01781162297334046
249.63063269982806	0.017799546460773648
252.40806604909474	0.017337497421468347
255.82644555588445	0.01679188831080209
256.3961754736828	0.016703332954344372
260.66914985716994	0.016059840825734414
261.5237447338673	0.01593538138191738
264.3723943228588	0.015530273891508224
266.651313994052	0.015216643325922413
268.0756387885477	0.015025175799953588
270.21212598029126	0.014744332785522512
274.0578029254297	0.014257288322768421
276.9064525144212	0.013911118693725511
278.0459123500178	0.013775988364656534
280.4672645006605	0.013494958282045047
283.74321152800064	0.013127529389667715
286.02213119919384	0.012880249184234579
287.1615910347904	0.012759083002125752
288.5859158292861	0.012609887901718887
291.4345654182776	0.012318836138897251
294.56807996616817	0.012009567924301367
295.4226748428656	0.011927135189549529
297.70159451405874	0.011711200347571383
301.40483897974764	0.011371964142261633
302.82916377424334	0.01124519540354525
306.53240823993224	0.010924831439751419
307.67186807552883	0.010828862073405833
309.95078774672197	0.010640477069455756
311.65997750011684	0.010502223447958519
313.65403221241087	0.01034412447154968
316.78754676030144	0.010102421250627302
320.2059262670912	0.0098477740293061
321.3453861026878	0.009764912536862486
323.05457585608264	0.0096424614871599
325.9032254450741	0.009443161599953613
329.32160495186383	0.009211620063712614
330.74592974635954	0.009117514498078929
333.59457933535106	0.008933345925847668
334.0218767736998	0.008906176021503542
338.2948511571869	0.00864079929483047
340.14647339003136	0.008529272814935464
340.71620330782963	0.008495367045381575
343.27998793792193	0.008345128760668764
345.27404265021596	0.008230864374370195
348.1226922392074	0.00807143595982213
352.1108016637955	0.007855486204850654
354.3897213349886	0.007735742424202763
356.66864100618176	0.007618565224935126
358.94756067737495	0.007503883683859184
361.2264803485681	0.007391629275464715
363.5054000197612	0.007281735776197679
365.7843196909544	0.007174139173136043
368.06323936214756	0.007068777576837223
370.3421590333407	0.006965591138141175
371.1967539100381	0.006927445130473506
374.899998375727	0.00676551406522895
377.17891804692016	0.006668513236740164
379.4578377181133	0.006573467035518994
381.7367573893065	0.006480324690752776
383.44594714270136	0.00641168770789103
384.30054201939885	0.006377754110632429
388.2886514439868	0.006222707112008679
390.85243607407915	0.0061258336815281
393.1313557452723	0.0060415034661305
395.4102754164655	0.0059588043362850535
397.6891950876586	0.005877695631394154
399.96811475885175	0.005798137931134457
402.24703443004495	0.005720093010753745
404.5259541012381	0.005643523798224881
406.8048737724312	0.00556839433316871
409.0837934436244	0.0054946697274633185
411.36271311481755	0.005422316127462341
413.6416327860107	0.005351300677746724
415.92055245720394	0.005281591486340657
418.1994721283971	0.005213157591324379
420.4783917995902	0.005145968928779799
422.7573114707834	0.005079996302010364
425.03623114197654	0.005015211351975781
427.3151508131697	0.004951586528889488
429.5940704843629	0.004889095064925608
431.872990155556	0.004827710947987215
434.15190982674915	0.004767408896488192
436.4308294979423	0.004708164335106438
438.7097491691355	0.0046499533714636455
440.9886688403286	0.00459275277369327
443.26758851152175	0.004536539948857915
445.54650818271494	0.004481292922179183
447.82542785390814	0.004426990317046947
450.10434752510133	0.004373611335773055
452.38326719629447	0.004321135741059332
454.6621868674876	0.004269543838149535
456.94110653868074	0.004218816457636766
459.22002620987394	0.0041689349388989525
461.4989458810671	0.004119881114136617
463.7778655522602	0.0040716372929878435
466.0567852234534	0.004024186247697744
468.33570489464654	0.003977511198817981
469.47516473024314	0.003954459548634673
470.8994895247389	0.0039259089921605235
474.8875989493269	0.0038474968031222442
477.45138357941914	0.003798250310475127
479.7303032506124	0.003755218304208312
482.00922292180553	0.0037128702930267197
484.28814259299867	0.003671192275573225
486.56706226419186	0.0036301706011324197
488.845981935385	0.0035897919592501257
491.12490160657813	0.003550043369707439
493.4038212777713	0.003510912172835399
495.68274094896447	0.0034723860201570944
497.9616606201576	0.0034344528653453077
500.24058029135074	0.00339710095548269
502.51949996254393	0.0033603188226136935
504.79841963373707	0.0033240952755771206
507.0773393049302	0.0032884193921085994
509.35625897612346	0.003253280511202755
511.6351786473166	0.003218668225726112
531.0059958524585	0.002944350599127466
570.8870900897928	0.0024746235713384228
618.7444031763032	0.00203920277033248
677.9963146273253	0.0016360321601031202