 t [day]	Mdot [M_\odot yr^-1]
13.514083883999813	0.016822741481950492
14.818231273959965	0.06842265402756927
16.27816418831808	0.18271817269633192
16.732167716563595	0.22988544647924272
17.7291950727106	0.3448079145261735
18.82414475847919	0.47373407290155933
19.990310683972563	0.5981281704982105
21.140898057026142	0.7042242342280357
22.358250654821706	0.8050688829378212
23.557799192686073	0.9019151690916218
24.688356998317055	0.9963842241639641
25.81223828147384	1.094465224706468
26.986193483187108	1.1979343739766848
28.145682886206284	1.2936572591286253
29.31629982668246	1.3737151911417491
30.44908313980484	1.426260822352056
31.58631746791002	1.4487340935142823
32.748032378420596	1.4396882206760149
33.879702937797276	1.4037591436407788
35.026952049613755	1.3469250806731912
36.21426029627543	1.2745849105814513
37.339254333177905	1.200039799517341
38.509871273654085	1.1215114294784232
39.683826475367354	1.0453123072539228
40.81438428099833	0.976304929244843
41.99167774394871	0.9099893666682461
43.17008396064478	0.8495685605373096
44.37185800600055	0.7939459058861926
45.62593147740421	0.7419298218015096
46.72533217815559	0.7009406911064784
47.95603782089956	0.6596313976083745
49.21011129230322	0.6219441139231634
50.38072823277939	0.5902917244021902
51.49014371724207	0.5630590439699343
52.63405456782145	0.5374654557038909
53.81802455324602	0.5133201378533078
55.008671061144796	0.49115585660742794
56.19264104656936	0.47096948105217873
57.38551306195953	0.45228023321860333
58.54500246497871	0.4355182356383749
59.78906115267105	0.41889759164374823
60.99528621300963	0.40397992504032243
62.150324601046	0.39067994689794755
63.263078346745786	0.3786845633662446
64.43592079471337	0.36682426446442684
65.65994991498313	0.35521932188908745
66.97299933490886	0.34356024448781536
68.27269570988622	0.33274422276356197
69.77046225159812	0.32108144716659126
70.78529366767633	0.3136214801791427
71.9603616231353	0.3053909301231438
73.30456814794064	0.29646830346958697
74.90693354174834	0.2864566604136117
76.34906239617526	0.2779730362255837
78.91284702626757	0.2639859063165222
78.55676582764363	0.265850839421034
81.04933421801114	0.2532764029685517
83.27484170941071	0.2429223384205128
84.59234214431928	0.23714052055065668
86.4617684370949	0.22934092479214316
87.35197143365473	0.22578264878361365
88.98994494732482	0.2194801926562984
90.5923103411325	0.21360268150155712
92.08785137535303	0.20835628080794028
93.93947360819745	0.20215865844303482
95.43501464241797	0.19737769186483867
97.00177191636325	0.19257056628001532
98.99582662865728	0.18673140330287055
100.27771894370342	0.18313271165277617
101.9869086970983	0.17851181879433348
104.26582836829147	0.17264646818283522
105.40528820388803	0.16983309963706245
105.97501812168632	0.16845488723688987
107.1144779572829	0.16575358781591182
108.25393779287948	0.16312347614585798
109.96312754627436	0.15930602627556759
111.10258738187093	0.15684258274873236
112.8117771352658	0.1532638738672103
113.09664209416495	0.1526805656670154
115.3755617653581	0.14814341883686039
117.65448143655128	0.1438251254528644
118.79394127214785	0.1417434633611986
120.50313102554273	0.13871303661157733
121.64259086113931	0.1367517942911181
123.06691565563503	0.13436399112275513
124.20637549123161	0.13250298765870686
125.3458353268282	0.13068425604617198
126.69894388159912	0.12857759646179606
128.19448491581966	0.12631382716884446
129.26272851169145	0.12473695146556994
131.6128644226094	0.1213803920257888
133.0371892171051	0.11941827928254706
135.03124392939912	0.11675831416029542
136.1707037649957	0.11528214127032464
136.88286616224354	0.11437518689165517
138.44962343618886	0.11242106353950818
140.72854310738202	0.10967599172367404
141.01340806628116	0.10934069060447911
143.0074627785752	0.10704052443611681
145.0015174908692	0.10481970639716989
144.8590850114196	0.10497578574765569
147.13800468261277	0.10252407132212012
149.27449187435636	0.10031092536516086
153.8323312167427	0.09584693592550769
154.402061134541	0.09531223562588499
156.11125088793582	0.09373761810028779
157.82044064133072	0.09220592479994778
158.39017055912902	0.0917046191998659
160.09936031252388	0.09022767226884638
160.66909023032215	0.08974416055295233
163.51773981931362	0.08739021680712597
164.0874697371119	0.08693178985267191
164.94206461380935	0.08625164155404084
165.93909196995634	0.08546930425504201
167.07855180555293	0.08458962432625787
170.06963387399395	0.0823510653393967
169.92720139454437	0.08245540855393636
172.49098602463667	0.08061046176959964
174.91233817527942	0.07893053204844408
177.19125784647255	0.0774022365175702
176.90639288757342	0.07759055480517252
179.47017751766572	0.07592281931510314
181.17936727106058	0.074844029865415
181.46423222995975	0.07466672503425892
184.02801686005202	0.07310210584945358
184.02801686005202	0.07310210584945358
186.59180149014435	0.07159159956195651
188.58585620243838	0.07045251092805635
190.57991091473235	0.06934343716595266
190.4374784352828	0.06942168504097972
193.00126306537513	0.06803547822306766
195.42261521601785	0.06676829250726268
195.707480174917	0.06662180955350622
199.41072464060585	0.06476541229249293
201.68964431179901	0.06366559261371998
201.97450927069818	0.06353031257851258
204.53829390079048	0.06233411605773668
208.5264033253785	0.06054670801446557
210.80532299657165	0.05956343888299131
213.0842426677648	0.05860657202927469
215.36316233895798	0.057675117738690794
217.64208201015117	0.05676813329974551
219.9210016813443	0.055884720339221115
222.19992135253747	0.055024022331236315
222.76965127033574	0.05481230046083806
226.18803077712548	0.05357002237902363
227.04262565382294	0.053266777686601166
229.89127524281437	0.052276348627386685
231.88532995510838	0.05160116838509288
234.16424962630157	0.05084715014916616
235.87343937969644	0.05029359860327731
236.72803425639384	0.050020574873364344
238.72208896868787	0.04939302767825319
242.71019839327587	0.04817654120994788
244.98911806446904	0.04750359954112075
247.2680377356622	0.04684614092836472
249.5469574068554	0.046203665294549195
250.68641724245197	0.0458878954980463
252.39560699584683	0.04542091208571867
253.5350668314434	0.04511395482663105
254.67452666703997	0.04481042509437449
254.9593916259391	0.04473507185914182
258.662636091628	0.04377429288622321
260.94155576282117	0.04319991928492846
262.0810155984177	0.04291739966554535
263.7902053518126	0.042499320700149994
266.06912502300577	0.0419522816463797
267.77831477640063	0.04154960681396839
270.0572344475938	0.04102256965459078
272.33615411878696	0.04050649920506493
273.47561395438356	0.04025247578482247
275.1848037077784	0.039876345593067596
277.46372337897157	0.03938379581373359
279.17291313236643	0.03902094034985982
281.4518328035596	0.038545647084505495
282.59129263915617	0.03831157160086936
284.30048239255103	0.03796482783356479
286.5794020637442	0.03751048797593326
288.2885918171391	0.03717558318717005
290.56751148833223	0.03673664645392105
291.7069713239288	0.03652036938059075
293.4161610773237	0.03619986120708819
295.69508074851683	0.03577966274372071
297.40427050191175	0.03546975303027758
299.6831901731049	0.035063354658565686
301.962109844298	0.03466455532726188
304.24102951549116	0.0342731553998865
306.51994918668436	0.03388896200248485
308.7988688578775	0.033511788744682705
311.07778852907063	0.03314145545420788
312.2172483646673	0.03295879913069168
313.92643811806215	0.03268789270018048
316.20535778925523	0.03233232109117323
317.91454754265015	0.03206978171107582
320.1934672138433	0.03172512233060676
322.4723868850365	0.03138648688853545
324.7513065562296	0.031053727612198975
327.03022622742276	0.030726701408824907
329.3091458986159	0.03040526968458026
331.5880655698091	0.030089298171829315
333.8669852410022	0.02977865676417793
336.1459049121955	0.029473219358903797
338.4248245833886	0.029172863706392216
340.70374425458175	0.028877471266227896
342.9826639257749	0.02858692706960017
345.2615835969681	0.028301119587710796
347.5405032681612	0.028019940605880738
349.81942293935435	0.027743285103078125
352.09834261054755	0.027471051136598375
354.3772622817407	0.027203139731643358
355.5167221173373	0.02707077484553208
357.22591187073215	0.026874182920256118
359.50483154192534	0.026615650063506396
361.21402129532015	0.026424393466487076
363.4929409665133	0.026172838307974837
365.7718606377065	0.025925151804994325
368.0507803088997	0.025681250717362634
370.3296999800928	0.025441054118614116
372.608619651286	0.0252044833172071
374.88753932247914	0.02497146178089545
377.1664589936723	0.024741915064120653
379.4453786648655	0.02451577073828068
381.7242983360586	0.02429295832475261
384.00321800725175	0.024073409230537218
385.14267784284834	0.02396483749318956
386.8518675962432	0.023803460355627575
389.1307872674364	0.02359101228725521
390.8399770208312	0.023433682935988485
393.11889669202435	0.02322653678639869
395.39781636321754	0.023022337192448374
397.6767360344107	0.022821025656294867
399.95565570560393	0.022622545179536158
402.23457537679707	0.02242684021607061
404.5134950479902	0.022233856626705913
406.79241471918334	0.022043541635446022
409.07133439037653	0.021855843787384553
411.3502540615697	0.021670712908134583
413.6291737327628	0.021488100064733097
415.908093403956	0.021307957527956868
418.18701307514914	0.021130238735990486
420.4659327463423	0.02095489825939285
422.74485241753547	0.020781891767306954
425.0237720887286	0.020611175994863
427.30269175992174	0.020442708711725367
429.58161143111494	0.020276448691739838
431.86053110230813	0.02011235568363161
434.13945077350127	0.01995039038271918
436.41837044469446	0.019790514403596436
438.6972901158876	0.0196326902537508
440.97620978708073	0.01947688130807626
443.2551294582739	0.019323051784247716
445.53404912946706	0.019171166718924378
447.8129688006602	0.01902119194474838
450.0918884718534	0.01887309406810787
452.37080814304653	0.018726840447636783
454.64972781423967	0.0185823991734217
456.9286474854328	0.018439739046890165
459.207567156626	0.018298829561353255
460.34702699222254	0.018229021960158614
462.05621674561746	0.018125109156261466
462.6259466634158	0.01809068270338606
466.0443261702055	0.01788630987094499
468.32324584139866	0.017752111073832996
470.60216551259185	0.01761952012437543
472.881085183785	0.017488510292302046
475.1600048549781	0.017359055419429347
477.4389245261712	0.017231129904639365
479.7178441973644	0.017104708689327886
481.99676386855754	0.016979767243300897
484.2756835397507	0.016856281551107813
486.5546032109439	0.016734228098792298
488.83352288213706	0.016613583861047335
491.1124425533302	0.016494326288760717
493.3913622245234	0.01637643329693693
495.6702818957165	0.016259883252981548
497.94920156690966	0.0161446549653364
500.2281212381028	0.01603072767245349
502.507040909296	0.015918081032095403
504.78596058048913	0.015806695110951105
507.06488025168227	0.015696550374556934
509.34379992287546	0.015587627677512745
511.6227195940686	0.015479908253980186
520.7383982788413	0.015060700753671491
536.6908359771934	0.014369397132025603
552.6432736755455	0.01372737251756493
569.7351712151916	0.013088799603372218
587.9665285904342	0.012458277387556635
606.1978859599794	0.011874733584982538
625.5687031651213	0.011300939734465946
646.0789802058597	0.0107399595961182
667.7287170821947	0.010194296953604857
690.5179137941263	0.009665935873305557
714.4465703416545	0.009156387498388542
739.5146867247792	0.008666740314868599
765.7222629435006	0.008197711409323492
793.0692989978186	0.007749696800963833
821.555794887733	0.0073228194429059154
852.3212104488407	0.006902078026304611
884.2260858455448	0.00650469323326244
918.4098809134423	0.006117568509396736
956.0120554881292	0.005732122166122398
995.8931497340095	0.005363560431542932
1038.053163651083	0.005012975167367859
1082.4920972393495	0.004680989438104323
1130.349410334406	0.0043606136193968074
1181.625102936252	0.0040540640233649745
1237.4586348804844	0.003757158623020141
1297.8500061671032	0.003472801984186536
1361.6597569605117	0.0032074730350312216
1432.3062667674997	0.0029491170579016377
1510.9289954236635	0.002698108647166241
1596.3884830934069	0.0024613833912259494
1686.4058101055368	0.0022455124597490664
1786.6782756380358	0.0020381497858957425