 t [day]	Mdot [M_\odot yr^-1]
6.507590467840528	0.009638044399969249
8.003131502061038	0.027411478498243193
9.899263884733474	0.07625580355864635
11.60845363812834	0.1579990735615945
12.836933773380903	0.24589405656525368
14.31467074767022	0.39047472625111806
15.792407721959535	0.5824666538259768
17.181124396592864	0.8072175367459554
18.40070250187983	1.0362117386248932
20.0920881953435	1.386013481650651
21.40068660028645	1.6623560232141161
22.84281545471337	1.950040510203667
26.51935383050546	2.5153156517886894
26.786414729473407	2.544911832766337
29.479278794066886	2.72557948481785
31.188468547461756	2.708652497257073
32.579410729586485	2.6222459597945056
35.86871080187505	2.259110868199926
35.643934545243695	2.2875496078525424
37.279682551422376	2.0782434860990566
41.8241688488603	1.543709559337047
43.33528843552061	1.395663084440708
43.94062647318129	1.340809285720813
45.25367589310704	1.230210666799172
46.74031489736195	1.1179947081811425
48.07116837721889	1.0282095998420475
49.32635460236825	0.9518516659959727
50.93762202614153	0.8643814858480114
55.55777557657785	0.6667411786989796
57.89900945838479	0.5899590647829591
58.139364266601355	0.5827897523150303
59.9286722896866	0.5330882053221558
61.379703174079125	0.4970824752607046
62.70610563895326	0.4671241469827373
64.20164667317377	0.43634770632824255
65.5903633478071	0.4103061956788882
66.82774551302526	0.38894248103571327
68.26987436745219	0.36600747412732804
69.32921593335838	0.35038140672901014
70.82475696757889	0.32991069246923954
72.20457161224662	0.3125196235262976
73.53987610708637	0.29692155772868
76.93154952397931	0.2620179902624866
77.35884696232803	0.2580459976834042
78.46269867806221	0.24817820129190493
79.24607731503487	0.2415019160836379
80.43894933042505	0.2318225358322402
81.6496254057464	0.22255959261524608
82.87810554099896	0.21369503980715499
84.03536943652674	0.20580125871617588
85.3350658115041	0.1974258508676755
86.93743120531178	0.18775751426119458
88.09469510083956	0.18119153001039107
89.57243207512887	0.17327524039077677
90.28459447237672	0.16963598769805713
92.15402076515237	0.16058731577785998
94.0768592377216	0.15198208616272912
95.76824493118527	0.1449459226682208
97.44182656471776	0.13843151543008905
98.67030669997031	0.13391154336180455
100.7533817119203	0.12671328831925296
103.3705785218062	0.11842373548207888
104.42101805774679	0.11531195679607151
106.05899157141688	0.11068602781947268
108.08865440357329	0.10530980594303288
109.47737107820662	0.1018415739299635
110.93730399256474	0.09836676184727851
112.78892622540917	0.09419550820649249
114.56933221852883	0.09041589822244855
115.81561641371258	0.08789606109213051
116.95507624930917	0.08567782635091364
118.94913096160319	0.08198129958652073
119.73250959857583	0.08059031920651921
120.58710447527326	0.07911040725217132
122.011429269769	0.07672746009421204
123.36453782453994	0.07455595435755925
124.61082201972368	0.07263141896031328
125.75028185532027	0.07093227949071881
127.63751220802709	0.06823843886643455
128.70575580389888	0.06677684799846924
129.91643187922026	0.0651728692770507
131.41197291344076	0.06326504264243338
133.3704195058724	0.060882974784101804
135.72055541679035	0.058187050549449594
137.60778576949718	0.056141603893963055
139.38819176261683	0.05430298931730006
141.38224647491083	0.05234221504370549
142.02319263243393	0.051733001874434636
144.01724734472793	0.049899874480224586
144.44454478307665	0.04951890861134976
145.7264370981228	0.04840011526080023
147.29319437206811	0.04708011982044391
148.57508668711426	0.046037260491318066
151.56616875555528	0.04372623218084181
151.4237362761057	0.04383256130424437
154.41481834454672	0.041673241684899595
156.69373801573988	0.040126584258074055
158.83022520748347	0.03874848150260246
159.54238760473135	0.03830381220425172
161.10914487867663	0.037350322038411925
163.10319959097063	0.03618409638185989
164.10022694711765	0.0356200075278989
165.73820046078774	0.03471964624168966
168.08833637170568	0.03348246557928293
170.0823910839997	0.032480529699408844
169.93995860455013	0.03255069662388406
171.5779321182202	0.03175637513382138
173.2159056318903	0.03098888605662615
174.85387914556037	0.030247077874943677
176.06455522088174	0.02971464775023527
178.62833985097402	0.02862960232897238
178.98442104959798	0.028483301952265686
181.26334072079115	0.0275712823055783
182.61644927556208	0.027048997164945344
185.6075313440031	0.025942547270646495
186.0348287823518	0.025789675627243568
187.53036981657232	0.02526443887220936
189.5956407685911	0.024563404229952276
192.65793907675692	0.02357309766382851
192.72915531648172	0.023550737153494004
195.00807498767486	0.02285059762109083
196.85969722051934	0.02230300608275466
199.9932117684099	0.021417362463914257
201.41753656290564	0.021031030748267267
201.84483400125436	0.020917035096555268
203.55402375464922	0.020469604894098763
205.2632135080441	0.02003546757992929
206.8299707819894	0.019648756848079273
208.2542955764851	0.01930621701259204
208.3967280559347	0.01927242440724886
210.10591780932955	0.018873300552286868
211.3878101243757	0.01858152116690919
213.38186483666973	0.018140069432768254
214.23645971336714	0.017955370884557186
215.945649466762	0.01759380447671942
217.93970417905604	0.01718475270716729
217.79727169960648	0.017213525814766963
219.93375889135007	0.01678891686835175
222.7824084803415	0.016245293564188305
223.20970591869025	0.016165888023964778
224.49159823373637	0.015930914094958164
226.20078798713124	0.01562500738131849
226.77051790492953	0.015524870763336892
229.61916749392097	0.015037462595632212
231.32835724731584	0.014755279226724986
234.1770068363073	0.014301254175847064
237.88025130199617	0.013739843525800216
241.8683607265842	0.013169281125430499
245.0018752744748	0.012744085033129992
248.42025478126453	0.012301930946878092
252.12349924695343	0.01184690434217491
256.11160867154143	0.011382927805766005
260.3845830550286	0.01091370676303831
264.37269247961666	0.010499978838178006
268.930531822003	0.010053708425628947
274.0581010821876	0.009582967889592378
279.1856703423722	0.009142727509994815
284.3132396025568	0.008730496479010528
290.0105387805397	0.008302586594698947
296.27756787632086	0.007865326975328704
303.1143268899004	0.007424542367327914
310.5208158212781	0.00698544759513801
317.92730475265586	0.006582223076188786
324.7640637662354	0.006238662090366291
330.7462279031174	0.005958527438073985
338.1527168344952	0.005635794243721566
346.9835305603687	0.005282493742994159
354.9597494095447	0.004989814798080483
364.0754280943173	0.004682762881443982
373.7608366968883	0.004385145626669249
384.01597521725756	0.00409852666827143
395.4105735732233	0.003810375053665379
406.8051719291891	0.0035502611256464306
419.3392301207515	0.003292449468979764
434.152207983507	0.003020925871059376
451.24410551745575	0.0027457499910604416
469.475462887001	0.002490133466720467
487.70682025654634	0.0022672915161852905
508.21709729728474	0.002049287136337441
529.8668341736197	0.001850416752471901
551.5165710499548	0.0016781679393541495
576.5846874444741	0.0015061847270658808
605.0711833457832	0.0013400101391580225
638.115518578084	0.0011785259076504883
675.7176931527712	0.001026926687076493
717.8777070698446	0.0008884091871629141