 t [day]	Mdot [M_\odot yr^-1]
6.578518310280925	0.08888783769955264
7.673467996049513	0.33423446136488255
8.830731891577289	0.9318578629182445
9.979093757139468	1.7886724032886665
11.888579184760298	3.6725523340773845
12.972401333071886	5.6652756182605835
14.332186410886756	8.645711122830198
15.402655513965085	10.920728207749999
16.546566364829328	12.967213280349878
17.699379245374303	14.34022822381868
19.11368925615873	14.797047859410517
20.551367095602853	14.024713310394594
21.861078254291503	12.731974443120462
22.943787648857388	11.557500188498496
24.093262268165265	10.373681440744491
25.385169366922717	9.20061175448956
26.76720951908185	8.145633020677145
28.21378938849157	7.237843996549759
29.512373009723213	6.563103351448094
30.82430967590326	5.988845579366698
32.18965852187689	5.4824287926206035
33.89551001403467	4.9517385575505335
34.86471852653918	4.690590226835221
36.21782708131012	4.365558135169387
37.530876501235866	4.086954410470821
38.9040146234294	3.8276696350515076
40.223740565829345	3.604359784138785
41.40771055125391	3.422405160033483
42.79420171839585	3.228331499188887
43.91140647907844	3.0849850470530904
45.079797912063206	2.946030524657258
46.205904702711386	2.8215899086648095
47.374296135696156	2.7013123752356645
48.54268756868093	2.5891542933992615
49.7667166889507	2.479526422563809
51.04415798901405	2.3728876221795634
52.08346998749766	2.2914648837216367
53.280793017870614	2.203094403903797
54.45363546583819	2.12171762353022
55.675439078616556	2.041956352497616
56.86608558537586	1.9687591080708473
58.04115353969539	1.9005636229954506
59.17171134532636	1.8384628944560593
60.495888302709105	1.769777747603053
61.80226120016066	1.7059738409832028
63.06412394778421	1.647789018702009
64.48399772729714	1.5860541046501668
65.95283267162085	1.5260265602303293
67.279235136495	1.4749095977495492
68.61676513882614	1.4261092716877855
69.92981455875189	1.3806925919681208
71.42090457798959	1.331891844724144
72.9631812695295	1.2842872461122259
74.30738779433483	1.2450010249200834
75.28438558305925	1.2176519788739335
76.65529819776138	1.1808821787275172
78.01508327500652	1.1461520928813116
79.78658723816058	1.1033217887756328
81.28435377987249	1.0690880491827306
82.81105191897258	1.0359215411129121
83.75021608034321	1.0163335990255853
84.91193099085378	0.9929159918835694
86.3763149201947	0.9646096139230421
87.23981182685775	0.9485197883843276
88.4771939920759	0.9262012478396096
89.61665382767247	0.9063824742943911
90.9697623824434	0.8837136430187991
91.94898567865923	0.8678668622389607
93.44452671287972	0.8445222788063114
94.54392741363111	0.8279907584753234
95.91038901335045	0.8081481712576456
97.09881001375783	0.7914957361849386
98.54093886818474	0.7720052726815679
99.68039870378132	0.7571348657057679
101.31837221745141	0.7365346245427451
102.75159904191274	0.7192215847836942
103.9311180123545	0.7054463250719104
105.11508799777909	0.6920291959951238
106.12101738389168	0.6809397122437353
107.67887262787139	0.664303441426693
108.52901648958601	0.6554895912987174
109.98004737397854	0.6408591248058626
110.99932980503954	0.6308818124223965
112.40585053960406	0.6175030266364477
113.80346924420299	0.6046372143056458
114.95183110976518	0.5943718929034095
116.49188229381367	0.5810197631727282
117.3731832604079	0.5735846114295002
118.59276136569487	0.5635331864184633
120.18622472953696	0.5508003602139108
121.29897847523674	0.5421668400767466
122.18027944183096	0.5354743188086691
123.39985754711793	0.5264179594631193
124.73516204195768	0.5167660481305921
126.04821146188343	0.5075338752141313
127.36571189679196	0.4985186618759822
129.1060587550664	0.48697562640106706
130.290028740491	0.47935129936163134
131.61643120536513	0.47102092642924726
132.88051946048012	0.4632824710190057
134.60751327380618	0.4530143808615472
136.64607813592818	0.44132584136457514
138.08820699035508	0.43332683991081994
140.21579215213308	0.4219144634142536
142.40569152367027	0.4106282806202279
143.4027188798173	0.40563775848622274
145.04959442345296	0.39758911875816283
146.40270297822389	0.3911517416194102
148.45907190027708	0.3816595820358317
150.4531266125711	0.3727759744681508
151.90860851194643	0.3664826562065448
153.20830488692377	0.36099410711852875
155.87446286162046	0.35010647046291093
156.01689534107004	0.34953844123041017
157.22757141639138	0.3447642597166531
158.7587205704743	0.33886190927518195
160.96642400194267	0.33060846462332805
162.4085528563696	0.32537477542573606
163.4767964522414	0.3215755695563559
166.0583851422649	0.31265697723376207
167.53612211655422	0.3077131508008022
169.50347073895142	0.30130594097240543
172.2096878484933	0.29280461134359653
172.40553250773644	0.2922029475274658
174.36397910016808	0.28628370132409525
174.84468871831038	0.28485738217973455
176.2868175727373	0.28063967465437956
178.09392965575375	0.27548102793798407
179.09095701190077	0.2726934353327541
181.04940360433238	0.26733529354463703
183.29271515566316	0.26138274144031365
183.6844044741495	0.2603630640978
185.42920234740674	0.25588989285505936
187.7081220185999	0.25021249325201644
190.69920408704093	0.24303248772697456
191.23332588497684	0.24178162764003505
192.51521820002296	0.23881710625011418
194.3668404328674	0.23462651488974012
196.9306250629597	0.2289966017017448
199.35197721360245	0.22385593116789082
199.6368421725016	0.22326206659971065
201.1323832067221	0.2201810675945062
203.2332622786033	0.21595504606407048
203.80299219640156	0.21482906146486144
205.3875535302781	0.21174131267041335
206.98991892408577	0.20868313155483567
208.18279093947595	0.20644740395960917
209.60711573397165	0.20382253767463987
211.17387300791697	0.20099001485772688
212.4557653229631	0.19871420621955424
214.87711747360586	0.19451491185445047
215.6961042304409	0.19312326720142647
216.4794828674135	0.19180540782674996
217.90380766190927	0.18944201751747394
219.7554298947537	0.18643134373170317
223.13820128168106	0.18110492061587488
224.9186072748007	0.17838846032587832
225.3459047131494	0.17774516716677272
227.33995942544342	0.1747864707921922
229.19158165828787	0.1721016098831209
230.1886090144349	0.1706802210783804
233.7494210006742	0.16573819700663767
235.88590819241776	0.16287035550253942
238.16482786361095	0.15988861129634493
238.4496928225101	0.1595213708934422
240.72861249370322	0.15662621677559382
243.0075321648964	0.15380528796560108
244.85915439774087	0.15156622881595402
249.41699374012717	0.14624851900145266
251.4110484524212	0.14400523625860012
251.90956213049466	0.14345206449948428
255.3279416372844	0.1397390189109854
256.82348267150496	0.13815742999714054
260.5267271371938	0.1343489584709593
263.23294424673566	0.1316594979147193
265.51186391792885	0.1294536122865671
266.50889127407584	0.12850501889176127
267.86199982884676	0.12723335358886081
272.27740669178354	0.12320577528623013
274.6275426027015	0.12113554200677387
276.90646227389465	0.11917486663361798
278.6156520272895	0.11773378063810112
279.47024690398695	0.11702249521035232
281.3930853765562	0.11544423107029611
283.5295725682998	0.11372578156083735
284.8826811230707	0.11265613953963287
286.0221409586673	0.11176642022943627
287.16160079426385	0.11088663165577439
290.5799803010536	0.1083054266571361
292.8588999722468	0.10663171081393796
295.1378196434399	0.10499442224145554
297.41673931463305	0.10339253740118737
297.9864692324314	0.10299748146395238
300.26538890362457	0.10143846563130698
302.5443085748177	0.09991267756106757
302.117011136469	0.10019627429076423
304.6451876466989	0.09853473793647281
305.8558637220203	0.09775287251099668
309.096202629498	0.09570298349368447
311.09025734179204	0.09447166361078727
313.3691770129852	0.09309173947003611
315.64809668417837	0.09174018913231465
317.6421513964724	0.09058026586460782
318.06944883482106	0.09033441499104519
322.19999073885873	0.08800582529091104
322.5560719374826	0.08780907871738977
325.2622890470245	0.08633395561029272
326.4729651223459	0.08568537575181154
327.61242495794244	0.08508123088161763
329.89134462913563	0.0838909014826507
331.60053438253044	0.08301356813557331
333.8794540537236	0.08186386297031595
336.15837372491677	0.08073656654429437
337.2978335605133	0.08018114502019978
339.00702331390823	0.07935810242745713
340.14648314950483	0.07881603553821004
341.28594298510137	0.07827919391658958
343.56486265629457	0.07722092711828762
345.27405240968943	0.07644046644631947
347.55297208088257	0.07541710745123899
348.69243191647917	0.07491268714470962
349.83189175207576	0.074413027426655
352.68054134106717	0.0731843269255817
354.38973109446204	0.07246084649672074
356.66865076565523	0.07151185096975553
357.52324564235266	0.07116050903687152
359.2324353957475	0.07046511473456574
363.5054097792347	0.06876814841459519
365.78432945042783	0.06788666482967111
368.06324912162097	0.06702108010259503
370.3421687928142	0.06617102489897482
372.62108846400736	0.06533614038312034
374.9000081352005	0.06451607786471185
377.1789278063937	0.06371049845922605
379.4578474775868	0.06291907276151805
381.73676714877996	0.0621414805319768
384.01568681997315	0.061377410394700925
386.2946064911663	0.06062655954716803
388.5735261623594	0.059888633480913264
390.8524458335526	0.05916334571271796
393.13136550474576	0.05845041752588976
395.4102851759389	0.05774957772117172
396.5497450115355	0.057403608208676335
398.25893476493036	0.05689012585859993
400.53785443612355	0.056215530663754974
402.2470441895184	0.05571698439339054
404.5259638607116	0.055061928261770865
406.80488353190475	0.054417709184777785
409.0838032030979	0.05378409632794928
411.3627228742911	0.05316086486870124
411.9324527920893	0.053006653308234467
415.92056221667735	0.05194467580777209
418.1994818878705	0.051351296986761163
419.3389417234671	0.05105819701608136
421.048131476862	0.05062296390043919
423.32705114805515	0.05005076995306332
425.03624090144996	0.04962760759199396
427.31516057264315	0.049071218608142377
429.5940802438363	0.048523607971142586
431.8729999150294	0.047984597371629925
434.1519195862227	0.04745401292760223
436.4308392574158	0.046931685054500606
438.70975892860895	0.04641744833968901
440.98867859980214	0.045911141421164856
443.2675982709953	0.0454126068703454
445.5465179421884	0.044921691078763044
447.8254376133816	0.04443824414853082
450.10435728457475	0.043962119786431136
452.3832769557679	0.043493175201494504
454.6621966269611	0.04303127100593626
456.9411162981542	0.0425762711193248
459.22003596934735	0.04212804267586533
461.4989556405405	0.041686455934684556
463.7778753117337	0.04125138419299899
466.0567949829269	0.04082270370207131
467.19625481852347	0.04061072229183179
468.9054445719183	0.04029565690479792
471.1843642431115	0.0398809190240471
472.89355399650634	0.03957381486654227
475.17247366769953	0.039169518178140746
477.4513933388927	0.0387710355483583
479.7303130100858	0.038378259331417565
480.8697728456824	0.03818397815625192
482.5789625990773	0.03789515364888844
484.85788227027047	0.03751483579174056
486.5670720236653	0.037233128846259164
488.8459916948584	0.03686214957172459
491.1249113660516	0.03649637374387105
493.40383103724474	0.03613570739356499
495.68275070843794	0.035780058625495256
497.96167037963113	0.035429337564124155
500.24059005082427	0.03508345630125055
502.5195097220174	0.03474232884515301
504.7984293932106	0.03440587107124403
507.07734906440373	0.03407400067419053
509.35626873559687	0.033746637121448965
511.63518840679006	0.03342370160816983
519.6114072559661	0.03232719938896744
534.4243851187216	0.030421702946184803
550.3768228170737	0.028542470730824967
567.468720362417	0.026706073962811553
585.7000777433569	0.02492608327583081
605.0708949484988	0.023213196469227832
625.5811719892372	0.021575445253370493
647.2309088655721	0.020018454690714498
670.0201055775038	0.01854573220897866
693.948762125032	0.017158967041654878
720.1563383437533	0.015802559722177603
748.6428342336678	0.014493972532824754