 t [day]	Mdot [M_\odot yr^-1]
9.391684239189443	0.2483420752173946
11.1676392173263	0.6438926359719683
12.92579013553196	1.2062183528644561
14.67949003875482	1.7837326752809117
17.68837616712704	3.2932377854341532
18.231399995028532	3.736689840159169
19.69133290938665	5.1167448505212345
22.69131700779327	8.065641486668149
23.82187481342425	9.052521137766801
25.25510163788557	10.159022252012466
27.064439228393425	11.276512349511883
29.01620929835085	12.014303396655965
30.631927737106935	12.16629023839792
32.3566960429416	11.869711989770146
33.689775030289944	11.382659847407062
35.53472074066019	10.484763662119764
36.970173072612916	9.70755658599191
38.503547734187215	8.87387817011042
40.06807950064111	8.061910426078216
41.41228602544645	7.41268487024917
43.08141664399613	6.677458026682724
46.8692303943582	5.295450501411258
47.49237249195008	5.102834314161839
52.027956759422395	3.9420253026719
54.69411473411908	3.4209683546539846
54.898861423327844	3.384956026105683
56.594698132628906	3.105971359955096
58.05908206282442	2.890292691533218
59.492308887285745	2.69911741069782
61.04126210129985	2.512096389694285
62.416625730984784	2.3611768212117945
64.04569721468927	2.1987174798293347
65.79049508794652	2.0420076930039803
67.5352929612038	1.9009527327388454
69.63617203308497	1.7491350945888033
72.31568305273007	1.5798365772728211
75.93880924872856	1.3864591955322796
77.43435028294907	1.3165763160131037
81.4669698573651	1.1517888132484229
81.9076203406622	1.135621699590863
84.79187804951604	1.0374803396615728
86.21620284401176	0.9934866849848215
87.88978447754425	0.9451523573963616
89.39422754173036	0.9045402393008333
90.8096503062605	0.8685824916451841
92.8304111084513	0.8207044744209215
94.31705011270621	0.78786025102248
96.03514189606668	0.7521957796512734
97.62860525990877	0.7211438845827053
99.37340313316604	0.6891980905250075
101.1003969464921	0.6595262396097412
102.93421511940534	0.6299683686317251
104.54548254317862	0.6055260594414049
106.70867582481901	0.5747749833197107
109.21904827511773	0.541789303111518
111.4534577964829	0.5146365610251492
114.35551956526793	0.4821548010870339
114.96085760292861	0.4757455238595726
115.82435450959164	0.46680882015029596
118.06766606092239	0.4446688403150786
120.37329182201236	0.4234233444092308
122.13589375520081	0.4081323609128597
124.66407026543072	0.3875225817642904
125.44744890240338	0.38143330061126507
127.21005083559184	0.3682147898038899
128.68778780988114	0.3576228721132191
130.30795726362004	0.34649489147175827
131.82130235777174	0.3365344414775795
133.60170835089139	0.32532291214536774
134.95481690566234	0.3171494068171413
136.37914170015804	0.3088533568089632
137.94589897410336	0.300074817174684
139.76191308708542	0.29033114077442496
141.08831555195954	0.2834924523638249
143.10017432418476	0.2735433836568489
145.81529346369223	0.2608758563768951
147.16840201846318	0.25486834642610895
148.0051928352294	0.25124979974085654
150.99627490367044	0.2388880889827985
152.54522811768453	0.23281964275420386
154.07637727176743	0.22703117417741833
155.96360762447426	0.22017039052225235
157.63718925800674	0.21432700939802565
159.3463790114016	0.20858126581319525
161.1980012442461	0.20259751490368366
163.20986001647128	0.1963653122777767
165.34634720821484	0.19003752258350246
167.50063845988964	0.18394291109106045
169.03178761397254	0.1797767430907931
170.59854488791785	0.17564950368035337
172.1653021618631	0.17165406157799407
173.62523507622126	0.16804495440989262
175.12077611044177	0.16445735835823752
176.75874962411186	0.16065032786980799
178.18307441860756	0.15743976234140336
180.03469665145204	0.1533992685633336
181.1741564870486	0.15098493782653494
182.66969752126911	0.14789645183312683
184.94861719246228	0.14335853339600313
186.372941986958	0.1406212484602648
188.22456421980243	0.13717149710983717
190.14740269237166	0.13371381282267789
191.78537620604172	0.13086438871628245
193.77943091833575	0.12750962120326817
195.55983691145542	0.12461576600388123
198.40848650044686	0.12017476462214186
200.40254121274089	0.1171977345491564
202.53902840448444	0.11412217612129728
202.61024464420925	0.11402162716496049
204.21261003801695	0.1117919279185195
206.06423227086137	0.10929125547215948
207.88024638384343	0.1069146776650198
209.80308485641268	0.10447705738757697
212.43808572622976	0.10126226114851843
214.14727547962462	0.09925125568661275
216.2481545515058	0.09685587603575752
218.3846417432494	0.09450286007388631
220.20065585623146	0.09256585800790602
223.19173792467248	0.08949592968996357
223.6190353630212	0.08906917141945547
225.0433601575169	0.08766726393305992
226.89498239036135	0.08589104476770469
228.46173966430666	0.08442763237913282
229.88606445880237	0.08312771382492566
232.59228156834425	0.08073483758891932
234.01660636283998	0.07951449216757997
235.72579611623485	0.07808431251614216
237.29255339018016	0.07680514396409104
240.63971665724512	0.07417015629134467
241.7079602531169	0.07335619911463657
244.41417736265876	0.07135007570200164
246.4082320749528	0.06992136628840218
247.69012438999894	0.06902427612413724
249.11444918449467	0.06804656246834678
250.53877397899043	0.06708840601346379
252.24796373238527	0.06596373043018113
254.669315883028	0.06441579470903326
256.8058030747716	0.06309250549516184
258.0876953898177	0.06231702049975991
261.50607489660746	0.06031418571730155
262.3606697733049	0.05982780577076865
264.21229200614937	0.05879295761527744
268.7701313485357	0.05635177091442507
270.47932110193057	0.055473484081473214
271.54756469780233	0.054934428031352095
273.6840518895459	0.05387848318302006
276.0341878004639	0.05275004609424177
278.313107471657	0.051687709591023985
280.0579053449143	0.050894863034509415
282.26560877638263	0.04991630704979888
285.7195964030348	0.04843840136827186
289.42284086872365	0.04692226452368246
290.8471656632194	0.04635715070501561
292.12905797826556	0.04585682243645137
294.4079776494587	0.04498621029496892
296.5444648412023	0.04419130142653001
296.82932980010145	0.04408683302174666
300.53257426579034	0.04276027869393784
300.95987170413906	0.042610899847525
303.52365633423136	0.041730105486398314
306.5147384026724	0.04073506326864228
309.9331179094621	0.03963892799031001
310.50284782726044	0.03946035207768239
312.63933501900397	0.03880084994517973
313.77879485460056	0.03845555193714464
315.91528204634415	0.03781987459710204
317.05474188194074	0.037486984932551
319.0487965942348	0.03691444682427968
321.3277162654279	0.03627533469455828
323.8915008955202	0.0355751184108415
326.4552855256125	0.034894112392548735
329.58880007350314	0.03408687574422725
330.300962470751	0.03390715133821488
333.1496120597424	0.03320168059892728
333.57690949809114	0.03309767944516695
337.28015396378004	0.03221559872323527
339.55907363497323	0.03168945953613732
341.83799330616637	0.031175566290750165
346.39583264855264	0.030183064954271515
354.3720514977287	0.028552322078256615
362.9180002647031	0.02694203300753207
372.0336789494757	0.025364544703462083
382.8585473876432	0.023658460436842093
394.25314574360897	0.022035615780076043
405.6477440995748	0.020568500692617942
418.18180229113716	0.019112107538980183
431.85532031829615	0.01768727351617918
446.6682981810517	0.01631068436353608
463.7601957150004	0.014906988470923553
481.99155308454556	0.013594603865692513
501.3623702896874	0.012375995058136191
522.4423772482241	0.011221973339333774
546.3710337957523	0.010092164389492708
574.2877997621712	0.008971679777527185
603.913755481985	0.007970073441258343
635.8186308786893	0.0070636275588140725
672.2813456177798	0.0062006786480379335
713.3018996992568	0.005402142604050913
761.159212794313	0.004647159369943132
815.8532849029488	0.003959355902314232