 t [day]	Mdot [M_\odot yr^-1]
3.329168286878084	0.04400385510943099
5.022779487719211	0.3342175202619197
6.999030139968082	0.8428919110868297
8.857328895286724	1.6120032714890258
11.590252094725393	3.0979953969849814
13.789053496228167	4.583355244137687
15.382516860070263	5.814825991806195
17.287551272708292	7.305115841722648
19.450744554348674	8.819443765896366
21.24005257743393	9.83504632278725
22.84686898622442	10.560211769883098
25.09908256752078	11.346483601810577
26.999665965176014	11.85681594960707
28.722208763519284	12.176549579253308
30.987775389764042	12.249689951820876
32.91506487731607	11.906583254728755
34.66653927304753	11.302721385543888
36.62721137297056	10.41816661288853
38.64574666766996	9.417915890415037
41.97288036731232	7.826758032315866
44.42093860785185	6.798715824688005
45.60268308578502	6.353543256490781
48.54480398941525	5.384824992544273
50.799243078203006	4.764647568040661
52.60190414623666	4.334716152829862
54.32444694457993	3.9716437524805404
56.104852935990394	3.6392966676179817
57.78288558536026	3.3609822878500735
59.59444868250492	3.0936390575922994
61.52173817005694	2.8419376094778124
63.40896852276378	2.6236497840591895
65.19827654584903	2.438926657098617
67.9846119250813	2.18779402914684
71.79468075035736	1.9028478823179158
72.0439375893941	1.8861907095922321
75.1418440174223	1.6963028602242793
77.84806112696418	1.5530537338657942
78.91630472283599	1.5014788905614571
81.28424469368512	1.3959342507964092
82.96672835718319	1.3275477022241118
85.10321554892678	1.2476761307237778
86.51863831345692	1.1986310622861727
88.29014227661096	1.1411683264605552
90.06164623976503	1.0876776335368517
91.94887659247185	1.0346495985211903
93.8004988253163	0.9862194162932736
95.52749263864237	0.9439705088819877
97.13876006241566	0.9068823925917852
99.15061883464087	0.8634656171709995
101.01114309745091	0.8259336401832728
102.68472473098338	0.794144545261285
104.49183681399983	0.7617524434251015
106.49479355625945	0.728012562883151
108.29300360931029	0.6995076350860481
112.77962671197182	0.6349517906514351
113.04668761093978	0.6313793221373055
115.20097886261456	0.6035730548046251
118.0852365714684	0.5689775454423083
119.58077760568892	0.5521309460603734
121.32557547894616	0.533349590123033
123.06147132223784	0.5155421575391254
125.07333009446305	0.49592983876096364
127.53919239493378	0.47328863948450944
129.4086186877094	0.45707675823086963
131.29584904041624	0.44148728856204017
133.2364915729167	0.4262205923220107
135.2483503451419	0.4111608707435787
137.11777663791753	0.39782484906592885
138.91598669096837	0.3855595892516698
140.58956832450085	0.3746132335419439
142.5480149169325	0.3623464135626697
144.34622496998333	0.3515710131042079
146.39369186207094	0.3398384034944747
148.19190191512178	0.32997964402698393
150.47082158631494	0.3180492963366766
153.1414305759944	0.3048204027689091
154.12065387221023	0.3001619797363744
158.10876329679826	0.2821815890976833
158.64288509473417	0.2798884809871935
160.70815604675298	0.271262406005806
162.73781887890937	0.2631424377193998
165.0167385501025	0.25442423045578666
167.2956582212957	0.24610434791625463
169.21849669386492	0.2393773307939543
171.53302448492047	0.2316162313982195
173.70511979652645	0.2246492172938399
175.87721510813242	0.21797203558565095
178.40539161836233	0.21054510756405218
180.43505445051872	0.2048367729922858
181.98400766453284	0.20062534740234023
184.7614410137995	0.19337249715495497
186.02552926891445	0.19019301313612788
187.7703271421717	0.18592373586641497
189.4439087757042	0.18195409197723605
191.79404468662213	0.1765779557553941
193.89492375850332	0.17195913869469984
195.39046479272383	0.16877406715314688
197.42012762488025	0.16458271679140446
199.3785742173119	0.1606760040896179
201.62188576864264	0.1563596464539525
204.11445415901017	0.15175289897077696
206.32215759047855	0.1478308547320163
208.5298610219469	0.14405030308975333
210.80878069314005	0.14028937361270763
213.1945247239204	0.13649903324944979
215.65148499442552	0.13274505644479195
218.07283714506823	0.12918672281764598
220.20932433681185	0.1261580527608726
222.0965546895187	0.12356565268614668
223.98378504222552	0.12104804504394343
226.79682651135457	0.11742833139077961
229.32500302158448	0.11430470468852491
230.67811157635543	0.11268114509785769
231.4614902133281	0.11175610890773986
233.59797740507167	0.1092874005720397
234.8798697201178	0.10784319257104504
236.87392443241183	0.10564998114537698
239.86500650085287	0.10247724801991795
240.29230393920162	0.10203509051265014
242.50000737066995	0.09979327318360649
245.27744071993664	0.09707117802379724
246.48811679525798	0.09591762192968917
249.05190142535028	0.0935383766551495
251.1883886170939	0.09161936887184183
252.96879461021354	0.0900627627149378
255.39014676085625	0.08800561247162798
257.09933651425115	0.08659362074088527
258.8797425073708	0.08515691004365941
260.5177160210409	0.08386498816100961
262.72541945250924	0.08216753770014094
266.2150151990238	0.07958295760878754
268.92123230856566	0.07765782931699258
269.91825966471265	0.0769653342194995
273.479071650952	0.07456293361872003
274.8321802057229	0.0736781041977074
277.3959648358152	0.0720423104783824
279.24758706865964	0.07089304741139327
281.6689392193024	0.06942938367320284
283.80542641104597	0.0681735948302978
285.94191360278955	0.06695009696954884
290.57096918490066	0.0644049545533275
292.8498888560938	0.06320270359570955
293.2771862944425	0.06298087057528355
296.5531333217827	0.061316679165352606
297.55016067792974	0.060822713293838516
300.6836752258203	0.05930691981404735
302.3928649792152	0.058502902909964426
306.2385419243536	0.05675018874633281
306.66583936270234	0.05656011738106399
309.9417863900425	0.05513284291658189
311.2236787050887	0.054588420317216405
313.0040846982083	0.053845018247884076
315.92395052692456	0.05265700845598476
316.92097788307154	0.052259979179171405
318.98624883509035	0.05145115237774564
322.4758445816049	0.050124914883508905
322.760709540504	0.050018831316065694
325.6093591294955	0.048975552974183524
329.3126035951843	0.04766554638528598
331.5915232663775	0.046884351907642854
333.87044293757066	0.04612147886279812
336.1493626087638	0.045376373974366745
338.42828227995705	0.04464850424426788
340.7072019511502	0.04393735608365087
342.9861216223433	0.043242434486291864
345.2650412935365	0.042563262242130306
347.54396096472965	0.04189937918876329
349.8228806359228	0.04125034149885246
352.101800307116	0.040615721001505053
354.3807199783091	0.03999510453581859
356.65963964950225	0.03938809333488248
358.93855932069545	0.038794302438627803
361.2174789918886	0.038213360134009555
363.4963986630817	0.03764490742110068
365.7753183342749	0.03708859750374707
367.34207560822017	0.036713003619343876
368.26788672464244	0.03649364192235014
372.39842862868005	0.03553768646269237
374.8909970190476	0.03497825039034386
377.1699166902407	0.03447784682417264
379.4488363614339	0.03398773582328349
380.44586371758083	0.03377647850869478
384.0066757038202	0.033037305126365546
386.2855953750134	0.03257646408600879
388.5645150462065	0.03212487226200687
390.84343471739965	0.03168228937270154
393.1223543885928	0.03124848274718693
395.401274059786	0.030823227042367778
397.6801937309791	0.030406303972043143
399.95911340217236	0.029997502047448832
402.2380330733655	0.029596616328705604
404.51695274455864	0.029203448186667137
406.79587241575183	0.028817805074675077
409.07479208694497	0.02843950030975839
411.3537117581381	0.028068352862839884
413.63263142933124	0.027704187157532773
415.91155110052443	0.027346832877132216
418.19047077171757	0.02699612477942734
420.4693904429107	0.026651902518978404
422.7483101141039	0.026314010476518122
425.02722978529704	0.025982297595161758
427.3061494564902	0.02565661722311575
429.58506912768337	0.025336826962596964
431.86398879887656	0.0250227885246883
434.1429084700697	0.024714367589865362
436.4218281412629	0.02441143367395037
438.70074781245603	0.024113859999248585
440.97966748364917	0.023821523370650823
443.25858715484236	0.023534304056478106
445.5375068260355	0.023252085673871308
447.81642649722863	0.02297475507852803
450.0953461684218	0.022702202258599088
452.37426583961496	0.02243432023257374
454.6531855108081	0.022171004950979945
456.93210518200124	0.021912155201741685
459.21102485319443	0.02165767251903956
461.48994452438757	0.0214074610955295
463.7688641955808	0.021161427697779827
466.04778386677395	0.020919481584793953
468.3267035379671	0.020681534429492325
470.6056232091603	0.020447500243032348
472.8845428803534	0.020217295301850943
475.16346255154656	0.019990838077320567
477.4423822227397	0.019768049167909578
479.7213018939329	0.019548851233753033
482.000221565126	0.019333168933531347
484.27914123631916	0.019120928863567366
486.55806090751236	0.018912059499056645
488.8369805787055	0.018706491137341782
491.11590024989863	0.018504155843155307
493.3948199210918	0.018304987395752047
495.673739592285	0.018108921237856047
497.95265926347815	0.01791589442635714
500.23157893467135	0.017725845584682636
502.5104986058645	0.01753871485678572
504.7894182770576	0.01735444386268558
507.0683379482508	0.01717297565550203
509.34725761944395	0.016994254679926424
511.6261772906371	0.01681822673207627
523.0207756466028	0.01597667508795254
544.6705125229379	0.014538242080998392
568.5991690733147	0.01315781862179318
594.8067452948848	0.011854621111424926
624.4327010203958	0.010596270520301482
658.616496088293	0.00937259575656387
697.3581304985769	0.008219919871861691
739.5181444156502	0.0071862320875100616
788.5149173463033	0.006207135046560615
847.7668287973253	0.005263295927257349
916.1344189331202	0.00441371535493713
997.0360672604772	0.003644404080377613