 t [day]	Mdot [M_\odot yr^-1]
3.6373314742930845	0.02990788407786239
4.505279395938916	0.06611754305596045
5.397707899990144	0.12634534088208094
6.276783359092974	0.2127674996983372
7.244879117851788	0.3423141968918953
8.495614328018346	0.5646507861968627
9.14546251550702	0.703725557494273
10.057920586980844	0.9235363612356572
10.961476628489068	1.165468257930399
11.900640789859688	1.4368747224770544
12.844255966213105	1.7235944980215114
14.339797000433615	2.1909355592702044
15.238902026959039	2.4713179200783184
15.837563542145523	2.65532289291051
16.761149151076346	2.932863871838031
17.689185774989966	3.202430919339844
18.58829080151539	3.453917216381573
20.043772700890713	3.839920732291462
20.898367577588143	4.052749126565249
22.12239669785791	4.332344008371385
23.064899120465626	4.517080521910932
23.672462665617708	4.616074176913542
24.946565704443962	4.75578170757915
26.139437719834127	4.787294551682155
26.703603868903922	4.767183664385211
27.59714512670085	4.692787748159133
28.764423805939927	4.530424103639869
29.533336644218476	4.393966436347771
30.49030486552029	4.203574542873259
31.57412701383188	3.9737027051851874
32.604536982349885	3.7519411411180985
33.5459266512119	3.5528472865518506
35.259567419589565	3.2096615342614885
35.92721966700944	3.0844497124267214
37.00659080033823	2.8930215860990467
38.12824657600361	2.7086101712912436
38.80702636088048	2.6040553127547783
39.88862300170067	2.4479904562786072
41.021406314823054	2.2976898540452684
41.89380525145169	2.19051125825789
42.81516535289111	2.084865604856224
43.71204487192514	1.988978224853387
44.57554177858817	1.9026913327337918
45.4612937601652	1.819896639148408
46.34036921926803	1.7430419451334132
47.297337440569834	1.6649477045922962
48.14970680977588	1.599913204190318
49.09554749362069	1.5323512806100694
49.97907396770632	1.473285626239322
50.97387581636193	1.411085468171165
51.96867766501753	1.3530760328988531
52.77431137690418	1.3089264574734538
53.75798568810279	1.2581843283871463
54.761689566723994	1.2097152841422736
56.01910129936475	1.153285548031143
57.32102318040918	1.099399405482841
59.128135267698596	1.0313728720499347
59.838072154606415	1.0065824149277194
60.830648498619276	0.9735822066363421
61.956755289267456	0.938313463931426
63.065058019984434	0.9056696976511527
63.91297637420767	0.8819720052162501
64.7898263258191	0.858547455117758
65.77572614450911	0.8334357862588699
66.55465376649897	0.8144548420198325
67.55168112264597	0.7911929116171645
68.54870847879297	0.7690164260542027
69.61250105968197	0.7464680964487898
70.36694809926642	0.731129042666416
71.42183865018983	0.7105316301471913
72.21189380963666	0.6957178905789949
73.23117624069768	0.6773340137523581
74.17924243203389	0.6609285720384804
75.11840659340452	0.6452975732648394
75.96855045511914	0.6316515039167465
76.89436157154137	0.6173059688474508
78.2430191113295	0.5973123013371315
78.69702263957501	0.590810567485439
79.50710736644447	0.5794819366572143
80.48633066266027	0.5662353895584354
81.50561309372128	0.5529413307181003
82.48483638993707	0.5406203118048512
83.35278431158292	0.530050643446983
84.40322384752352	0.5176789717321902
85.71627326744925	0.5028280809644434
87.25187343651496	0.4862725606073459
87.59460159019049	0.48269124639583866
88.66284518606228	0.4717830644238494
89.56195021258772	0.4628903074188392
90.63464482344231	0.4526101652503193
91.44472955031175	0.44507492826088946
92.48626705628676	0.4356634832072047
93.50554948734776	0.42674263904976667
94.3467913190968	0.4195872519782338
95.2681514205362	0.41195744337364876
96.27408080664881	0.40386550151599165
97.80522996073171	0.3920046404968912
98.67762889736035	0.3854822572610965
99.88830497268172	0.37670133143310436
100.85417522394913	0.3699130272063021
101.90461475988974	0.36274047966725576
102.83487689129475	0.3565648487105198
103.82745323245896	0.3501517303841674
104.76216637884677	0.3442731822690832
105.7013305402174	0.33851839406311984
106.58263150681162	0.3332521002840934
107.61526698282101	0.32724108653481854
108.55443114419164	0.321918853289746
109.62267474006345	0.3160269171603802
110.8422528453504	0.30950320421914507
111.54551321263267	0.30583641840044085
113.11227048657796	0.2979077883982837
113.36152732561472	0.2966761618999627
114.42977092148651	0.2914873244099746
115.40009218773672	0.28689686097724054
116.77100480243885	0.280603048429604
117.9994849376914	0.27514662928650135
118.5247047056617	0.27286495664820803
119.42380973218714	0.2690281233414244
120.30511069878138	0.2653498172201581
121.48908068420594	0.2605328392976856
122.2368512013162	0.2575619334216989
123.2249765274976	0.253718249626458
124.2754160634382	0.24973171872032707
124.88965613106447	0.2474468140806451
125.91338957710828	0.24371226591219916
127.01724129284247	0.23978560693383638
127.66708948033116	0.2375211343536105
128.59290059675337	0.23435375122201202
129.5276137431412	0.23122408129034838
130.68487763866898	0.22744118833254362
131.6106887550912	0.2244858301747965
132.46528363178862	0.221812095733022
133.6136454973508	0.21829887241586857
134.33916093954704	0.21612501850801083
136.30650956194427	0.21040160484341228
136.2575483971335	0.2105410867071494
137.53053868221403	0.20696201931893451
138.8658431770538	0.20331112224699335
140.05871519244394	0.20013578188868553
141.11805675835015	0.19738161182915157
142.15069223435952	0.19475445993440502
143.33466221978412	0.19181001583520935
144.71447686445185	0.18846663225739468
146.0586833892572	0.18529731846053532
147.47410615378732	0.18205006723662595
148.1773665210696	0.18046985190093714
149.00525530787021	0.17863706157452197
150.0556948438108	0.1763533055838946
151.07052625988902	0.17419009921841083
152.1298678257952	0.17197594363434598
153.14024822689063	0.1699047623694923
154.2975121224184	0.16757982304272775
155.12094989423625	0.16595549843546117
156.03785898069285	0.1641753534811788
157.07939648666786	0.16218887063800322
157.93399136336527	0.1605865460998416
159.07345119896186	0.15848782149907426
160.28412727428324	0.1563038653533392
161.38797899001742	0.15435266967482625
162.29598604650843	0.15277553130331806
163.57787836155458	0.1505906681126531
164.24553060897446	0.14947159834138457
165.58083510381422	0.14727123235794082
166.88053147879157	0.14517664841059894
167.96657913459453	0.143460982265271
169.1950592698471	0.1415572244673635
170.49475564482447	0.13958458905337906
171.18911398214112	0.13854777100637494
171.90127637938897	0.1374964566429679
172.75587125608644	0.13625076734929184
173.69948643243987	0.1348950814724084
174.8567503279676	0.1332601557432747
176.69056850088086	0.13073017713438315
176.9487273698832	0.1303798579879403
177.99916690582378	0.12896896335847605
179.0941165915924	0.127522718693857
180.44722514636334	0.12576911091355836
180.91013070457447	0.12517755416034648
181.83594182099668	0.12400699002438739
182.8329691771437	0.12276479323269932
183.7587802935659	0.12162809354456124
184.86263200930009	0.12029347692409016
185.93087560517185	0.11902289096493952
187.10594356063083	0.11764855737994276
188.15638309657143	0.11644021749146605
189.384863231824	0.11505076332919767
190.3996946479022	0.11392181115067103
191.18307328487487	0.1130617832425594
192.00206004170988	0.11217314768219046
192.9634792779945	0.11114342169507643
194.0851350536599	0.10996010755180452
194.81510151083896	0.10920026328259713
196.39966284471546	0.10757806582038697
197.09402118203212	0.1068787426514429
198.57175815632144	0.10541328654652236
198.7497987556334	0.10523879383294413
199.65780581212445	0.10435569197509331
200.60142098847783	0.10344987817667022
201.705272704212	0.10240539138887869
202.4174351014599	0.10174005169093539
203.4322665175381	0.10080329706622038
204.5539222932035	0.09978319935626877
205.6043618291441	0.09884212770784467
206.4589567058415	0.09808650203277253
207.59841654143807	0.09709269703876053
208.80909261675944	0.0960536085469181
210.037572752012	0.09501659408565588
211.39068130678294	0.09389416275528151
212.6725736218291	0.09284951455481757
213.7764253375633	0.0919642286417472
214.73784457384792	0.09120372757271032
215.91291252930685	0.09028732392358463
217.14139266455945	0.08934437525850682
218.3164606200184	0.08845658385000538
219.50933263540858	0.08756921431917186
220.29271127238124	0.0869939326823425
221.14730614907864	0.08637299786799163
222.51821876378082	0.08539115415802467
224.40544911648763	0.08406756527073275
225.5983211318778	0.08324729798208275
226.73778096747438	0.08247530229495965
228.55379508045644	0.08126771341876857
228.80305191949316	0.08110411209159837
229.76447115577778	0.08047785013902245
230.7258903920624	0.07985907634362895
231.687309628347	0.07924767233926035
233.5389318611915	0.07809049164274404
233.859404939953	0.07789288196475924
234.7496079365128	0.07734803363201496
235.74663529265982	0.07674481969041623
236.67244640908206	0.0761912293652577
238.13237932344018	0.0753308168031913
239.55670411508726	0.0745058976678674
241.01663702659673	0.07367488103289989
241.76440754370697	0.07325482269408258
243.40238105737703	0.07234764379929484
245.14717893063428	0.0714004322841853
245.2896114100839	0.07132396392609042
246.1442062867813	0.07086782481140871
247.2836661223779	0.07026668198336028
249.20650459494712	0.06927013119153312
250.27474819081894	0.06872598415887356
251.4142080264155	0.06815287355015862
252.76731658118644	0.06748192855087609
253.90677641678303	0.06692487463097883
254.69015505375566	0.06654604647897784
256.0076554886642	0.06591641894517163
256.5061691667377	0.06568059943799759
258.072926440683	0.06494794561664236
258.82069695779325	0.06460274767350445
259.2836025160044	0.06439048315779962
260.7435354303625	0.06372809694109591
261.4913059474727	0.06339292374865045
262.1678602248582	0.06309202898661245
263.94826621797785	0.06231072926725413
264.90968545426244	0.06189506374175284
265.51502349192316	0.06163555470692155
265.9067128104095	0.06146853669857377
267.224213245318	0.060911876602107756
267.75833504325396	0.060688430611680014
269.0758354781625	0.060142671329520954
270.1084709541719	0.05972021720394745
270.5001602726582	0.05956117868333653
271.81766070756674	0.05903102041083437
272.2093500260531	0.05887481507739333
273.9897560191727	0.058172793845453714
274.7731346561454	0.05786800137975813
275.34286457394364	0.057647882860155125
275.91259449174197	0.05742905643190973
277.0164462074761	0.05700871750181648
277.62178424513684	0.056780223865768926
279.2597577588069	0.056168988382112095
279.97192015605475	0.05590639601803738
281.60989366972484	0.05530956955800154
281.75232614917445	0.055258136154943995
282.5179007262159	0.05498293976971197
283.4437118426381	0.054652953859265024
284.4229351388539	0.054307235640635006
285.45557061486335	0.05394629069736947
286.3101654915607	0.05365035858620766
287.0223278888086	0.05340564920540225
287.9837471250932	0.053078000402287544
289.40807191958896	0.052598234086285334
290.138038376768	0.052354926297354235
291.2418900925022	0.0519902594917222
292.25672150858037	0.05165842118557668
294.10834374142485	0.0510612523507146
294.8561142585351	0.050823074678793746
295.7819253749573	0.050530531059219445
297.63354760780175	0.049953098265335984
299.1290886420222	0.04949401953582129
300.2685484776189	0.049148542389724575
301.550440792665	0.048764246312368933
302.93915746729834	0.04835305491756205
303.6869279844086	0.04813382074347019
305.04003653917954	0.04774092547916241
306.0726720151889	0.04744434503456155
307.2121318507855	0.047120309854892926
308.6008485254188	0.04672989832909573
309.95395708018975	0.04635418035807291
311.6631468335846	0.0458860713698269
311.9480117924838	0.04580874671773153
312.9450391486308	0.045539651140417636
313.94206650477776	0.045272929249820945
315.22395881982396	0.04493344116568079
316.36341865542056	0.044634876658140546
317.218013532118	0.044412904489769915
318.28625712798976	0.044137761395316125
319.67497380262313	0.04378388010791464
320.9568661176692	0.04346097947661424
322.48801527175215	0.04307994111852025
323.200177669	0.042904413497223244
324.8025430628077	0.04251336043325594
327.2951114531752	0.04191553978509811
327.40193581276236	0.04189019933015129
328.54139564835896	0.04162131396427683
329.6096392442307	0.041371558695635725
330.60666660037776	0.04114045787926025
331.17639651817603	0.04100926002015412
331.9597751551487	0.04082987448809563
333.24166747019484	0.04053883488287711
334.09626234689233	0.040346513235083155
335.05768158317693	0.04013176193736924
336.48200637767263	0.03981670718429189
338.0843717714803	0.039466620680718885
339.68673716528804	0.039121058761135884
341.25349443923335	0.03878747164523573
342.7134273535914	0.03848038516315818
344.4226171069863	0.038125391748444676
345.70450942203246	0.03786229477913329
345.846941901482	0.03783322640026799
348.26829405212476	0.03734402960481294
349.40775388772136	0.03711702059375886
350.5472137233179	0.036892025053201154
351.2593761205658	0.03675241411558621
353.1109983534102	0.036393017268942174
354.1792419492821	0.03618800176284982
354.8914043465299	0.0360522590206215
356.4581616204752	0.035756224248323
358.09613513414524	0.035450501274152724
359.2355949697418	0.035240061013115914
359.4492436889162	0.03520080559722601
360.87356848341193	0.03494071806004963
363.5797855929538	0.03445417312360159
363.68660995254095	0.03443516924949831
366.39282706208286	0.03395875340036219
366.7133001408444	0.0339029678670847
368.493706133964	0.03359544555393326
368.6361386134136	0.03357101794696111
369.7755984490102	0.033376516296290765
371.76965316130423	0.03304002673896656
372.6954642777264	0.03288545849554514
373.2651941955247	0.0327908563284658
374.76073522974525	0.0325443799995438
375.75776258589224	0.03238153912822712
377.4669523392871	0.03210509325520715
377.8942497776358	0.032036511053647694
378.7488446543333	0.03189997546030434
379.8170882502051	0.031730475816051915
381.73992672277427	0.031428610602907095
381.8823592022238	0.03140641392794925
384.1612788734171	0.03105429460390587
385.65681990763755	0.030826273960377126
385.79925238708705	0.03080468247508859
387.08114470213326	0.030611326329836326
388.57668573635374	0.030387923935091255
390.28587548974866	0.03013544010803807
391.56776780479476	0.029948032144085427
392.27993020204264	0.0298446321308431
393.34817379791446	0.029690481110235235
394.1315524348871	0.029578154939394894
396.3392558663555	0.02926482602007996
397.83479690057595	0.029055239279811636
398.1196618594751	0.0290155593105999
399.68641913342043	0.028798685465951154
400.82587896901697	0.0286423975649946
402.9623661607606	0.02835257428102255
402.9623661607606	0.02835257428102255
404.1018259963572	0.02819969416676346
405.24128583195375	0.028047975456622493
405.811015749752	0.02797254785155407
407.2353405442478	0.027785226150510968
409.65669269489047	0.027470814334535083
411.7931798866341	0.027197536372059426
412.3629098044323	0.027125308377710745
414.07209955782724	0.026910235321636524
415.3895999927358	0.026746081507007278
416.9563572666811	0.02655269561048461
418.06020898241525	0.026417622459535453
421.1937235303058	0.026039396427647826
421.0512910508563	0.02605642342701953
422.3331833659024	0.025903739455954564
423.472643201499	0.025769069351822143
425.46669791379304	0.025535742174178644
426.3212927904905	0.025436648202140474
427.8880500644358	0.025256365969448375
428.7426449411332	0.025158781345668277
429.7396722972802	0.02504559625054932
430.0245372561793	0.025013388124561477
431.1639970917759	0.024885131529491268
431.87615948902373	0.024805436262835732
433.72778172186827	0.02459988554318153
434.4399441191161	0.02452145902252201
434.8672415574648	0.024474570086905054
436.5764313108597	0.024288256733514573
438.00075610535544	0.024134499078718653
439.42508089985114	0.02398209099878386
441.41913561214517	0.02377095678609097
443.98292024223747	0.023503270896489282
445.5496775161827	0.023341739497513874
447.2588672695776	0.023167272816128244
447.8285971873759	0.02310951869334337
452.1015715708631	0.022682648610552327
453.2410314064597	0.02257066013404172
454.0956262831571	0.0224871696829599
456.5169784337998	0.02225291777794557
459.08076306389216	0.02200854230538807
464.06589984462715	0.02154385404590522
469.4783340637109	0.021054496276203965
473.96495716637247	0.020660358264609748
477.3833366731622	0.02036683339404873
481.8699597786723	0.019990194550601286
486.42779912390733	0.019617280383728664
491.1280709457433	0.019242612079801137
497.9648299593227	0.018714890042625467
502.94996674005773	0.01834247532295286
506.510778726297	0.018082626412253475
511.3534830275825	0.017737214100732524
518.0478095617124	0.017274353713387248
525.3118660136406	0.01679047643320261
532.1486250272201	0.016351718679458383
538.9853840407995	0.015928363267690926
545.822143054379	0.015519718893736304
552.6589020679585	0.015125133099001284
559.4956610815381	0.014743989571362236
566.3324200922688	0.014375705673871248
573.1691791029997	0.01401973017786898
579.0089107604322	0.013725020637884701
585.8456697740116	0.01339050669402967
593.6794561437381	0.013020570385530965
600.5162151573176	0.012708874931174
608.4924340064936	0.012357785129038283
616.4686528556697	0.012019613087695571
623.3054118692492	0.011739578586198708
631.2816307184252	0.011423835853766428
640.3973094031979	0.01107679047616017
649.5129880879705	0.010743747501398193
658.6286667727431	0.010423999608715111
667.7443454575158	0.010116882867414714
676.8600241422884	0.009821773552981824
685.975702827061	0.009538085240233678
695.0913815118336	0.009265266145210395
703.2100328404593	0.00903101547037201
712.3257115252319	0.00877735058509878
723.5778774017481	0.008477213688041826
734.972475757714	0.008187110755585486
746.3670741136798	0.007910139226865991
757.7616724696455	0.007645560921118585
769.1562708256114	0.007392687383463097
780.5508691815771	0.007150875952136408
793.0849273731395	0.006896944664136487
806.7584454002985	0.006633492838309933
820.4319634274574	0.006383324886298057
834.1054814546164	0.006145611972805755
848.9184593173719	0.005901256346798184
864.870897015724	0.0056524133271747025
880.8233347140762	0.005417401116470595
896.7757724124283	0.005195270617971119
913.867669946377	0.004970579416326442
932.0990273159222	0.004744999768606835
950.3303846854676	0.004532900444840496
969.7012018906095	0.004321206177818203
990.2114789313479	0.004111222352941983
1011.8612158076829	0.0039041144884270104