 t [day]	Mdot [M_\odot yr^-1]
4.122003219327079	0.11155423542573549
5.348257847088242	0.2905359759051818
6.627924654642994	0.5869973168320824
7.83860072996436	0.9574969178567615
9.200611314700897	1.4456030053353237
11.657571585206021	2.6016391488136557
12.819286495716598	3.380855153709405
14.056668660934758	4.353569815469346
15.369718080860503	5.461810340359603
17.35487076318892	7.1083113289769155
18.872666872323425	8.246482637744998
20.052185842765198	9.033894504847902
21.358558740216743	9.807744109709684
22.71389280247908	10.515644121285677
23.931245400274644	11.08326373181351
25.146372490578813	11.590046845786054
26.624109464868127	12.10605608493013
28.264308486029606	12.478619539617194
30.267265228289215	12.507016417381923
31.19307634471144	12.338741357053022
33.33846556642062	11.569021534372547
33.950480126555505	11.27758048835769
35.37035390606843	10.533214456320376
36.77464913314156	9.75566268520932
38.01425680585112	9.07337407933046
39.07359837175731	8.510010280060303
40.32878459690668	7.877038373346838
41.706373734083	7.232525998090618
43.121796498613136	6.62765804231849
44.766446534757414	5.996221452144208
48.38734722326452	4.848536895480467
48.75233045185404	4.749184324392514
51.0401521530128	4.184455041173282
53.27456167437797	3.7176816354937126
54.747847633684486	3.4486777089017293
56.33685998254377	3.1882897487536868
57.2493180540176	3.051242287983363
58.47779818927016	2.879678892973001
59.8086516691271	2.7090537033878497
60.91250338486129	2.5784004752732
62.278964984580625	2.4289755827803208
63.67658368917956	2.288846477143858
64.96292701920851	2.1700726126565337
66.84125534194975	2.012239370879541
68.97774253369333	1.85239946337975
71.14538683031651	1.7086003819253728
76.13497462603435	1.4341346577310843
76.45099668981308	1.4189818575595767
78.74772042093744	1.3155842784377991
80.5370284440227	1.2424950497136518
82.11268774793359	1.182939360853949
83.75066126160367	1.125338002774198
84.95243530695944	1.0856350755939261
86.28773980179918	1.043862537923976
87.7120645962949	1.001824958512083
88.7714061622011	0.9721298070631613
90.15122080686884	0.9353224520891379
91.05922786335987	0.9121881114450974
92.27880596864682	0.8823915922886444
93.92568151228251	0.8443296785820414
94.82478653880793	0.8245382407507905
96.12448291378527	0.7970851294046093
97.80696657728335	0.7634507957187543
99.05325077246711	0.7398296986461753
101.7238597621466	0.6926045405073412
103.7268165044062	0.6599548091593349
107.02056759167758	0.6108411553667621
107.71492592899425	0.6011523881332185
108.88999388445322	0.5852453776674552
109.9938456001874	0.5708397724590604
111.73864347344465	0.5490733879273744
112.66445458986688	0.5379978724739461
114.37364434326176	0.5183642927216858
116.118442216519	0.49934853512982447
116.97303709321643	0.4903922361907069
118.13030098874421	0.47862074405447186
119.66145014282714	0.46364903469130286
120.69408561883652	0.45392167913127046
122.13621447326345	0.4408110579336248
123.20445806913524	0.43144044703817563
124.77121534308053	0.41819622603798995
125.42996556053482	0.4127980100358492
127.29939185331045	0.39800173773616576
128.36763544918225	0.38987951854632646
129.95219678305872	0.37825432063141917
132.3023326939767	0.36189045898013267
133.1213194508117	0.3564213083840969
134.65246860489464	0.34650325880791005
135.8097325004224	0.3392622470858203
137.34088165450532	0.3300041307877344
139.17469982741855	0.3193759030733497
141.41801137874933	0.30701635841311287
143.6079107502865	0.29558878707920205
144.35568126739676	0.2918233446803782
146.49216845914034	0.28142872505762656
146.5989928187275	0.2809227146407628
148.07672979301682	0.2740519959095794
150.03517638544847	0.26530431988114955
151.15683216111384	0.26046995654842037
152.79480567478393	0.25362963787465653
153.75622491106853	0.24973163126930345
155.23396188535784	0.24390241282598238
156.65828667985357	0.23846309204729746
158.02919929455572	0.2333872587605111
159.34669972946426	0.2286510144547857
161.1627138424463	0.22234115792544534
162.01730871914373	0.21945625751492587
163.51284975336424	0.21453283867861325
165.2220395067591	0.2090940604492002
166.4149115221493	0.20541242438033858
169.29916923100313	0.19687892037384563
170.24278440735654	0.19419532286632668
170.77690620529242	0.1926990624286107
172.45048783882493	0.18811443232570718
173.41190707510955	0.18554985927707346
174.83623186960526	0.1818400658657835
176.47420538327535	0.17770157477573226
177.64927333873433	0.17481389186374857
179.10920625309242	0.1713173727767565
181.3881259242856	0.16605333555913918
182.74123447905652	0.1630350758001259
184.8777216708001	0.15842463121119105
187.29907382144282	0.1534185483166881
189.7204259720856	0.14863262528259796
192.39103496176506	0.14359466309562832
192.46225120148986	0.14346363537452095
194.2782653144719	0.1401786414129317
196.4503606260779	0.1363872687954097
196.77083370483942	0.13584017484518343
199.97556449245477	0.13053571551602547
199.54826705410608	0.1312258910888517
201.79157860543685	0.12765895667630878
203.64320083828127	0.12481714809601793
206.1713773485112	0.121079323689001
206.38502606768554	0.1207707324710722
207.95178334163086	0.11854133635778057
208.94881069777787	0.11715281687493169
210.08827053337444	0.11559393419648706
211.65502780731975	0.11349796443902971
213.29300132098982	0.11136374497124935
214.78854235521032	0.10946436230581079
215.9280021908069	0.10804784143685359
217.20989450585307	0.1064850692445391
218.06448938255048	0.10546094171361393
220.20097657429406	0.10296085705697224
221.55408512906502	0.10142067968497777
223.04962616328552	0.09975606954293911
224.18908599888212	0.09851365545836922
225.32854583447872	0.0972930494342618
226.89530310842397	0.09564942665911806
228.3196279029197	0.09418916204114815
229.60152021796586	0.09290179367393832
231.0258450124616	0.09150044521684976
231.80922364943424	0.09074245024069261
233.66084588227866	0.08898585565158984
234.65787323842568	0.08805991851412157
235.86854931374705	0.08695383316017034
237.221657868518	0.08574079870430026
238.43233394383938	0.08467570164627689
239.9278749780599	0.0833857318927698
242.77652456705135	0.08100466879885736
243.84476816292315	0.08013662514503628
244.52132244030858	0.07959367986396867
249.00794554297013	0.07612187698001784
250.96639213540175	0.07467362062773111
251.6785545326496	0.07415668060727985
253.45896052576927	0.07288636829203217
255.4530152380633	0.07150001649897259
256.73490755310945	0.07062850254563659
259.15625970375214	0.06902302248707358
259.227475943477	0.06897659093370409
260.93666569687184	0.06787542514487954
263.215585368065	0.06644569708146437
264.63991016256074	0.06557377578243645
265.92180247760683	0.0648028930868814
267.91585718990086	0.06362913367265853
270.6220742994428	0.06208398966650941
270.6220742994428	0.06208398966650941
272.9009939706359	0.06082389602858201
275.4647786007282	0.05944935483596392
276.6042384363248	0.05885261190140677
278.0285632308205	0.058118603461906296
279.880185463665	0.05718372727780314
281.16207777871114	0.056548999203350304
282.3015376143077	0.055993184193155424
284.2955923266017	0.055039063463338964
284.58045728550087	0.05490465374425636
287.0018094361436	0.053780814125095736
288.4261342306393	0.053134982890976984
290.27775646348374	0.05231179688892602
292.9839735730256	0.05114100227201207
294.9780282853196	0.050302060213529995
297.39938043596237	0.049309468595384744
297.96911035376064	0.04907997756245952
299.96316506605467	0.04828863669326563
300.24803002495383	0.0481770748919422
301.8147872988991	0.04757000308361419
303.3815445728444	0.04697377632394
304.23613944954184	0.04665304328189073
305.09073432623927	0.046335422924691456
306.4438428810102	0.04583879485793198
308.86519503165295	0.044968848279678425
311.64262838091963	0.0439996738247265
312.2123582987179	0.043804555389339354
315.34587284660853	0.04275315032922433
315.77317028495725	0.04261257258314549
317.9808737164256	0.04189665380644829
320.1173609081692	0.04122005260010981
321.89776690128883	0.04066806225219434
323.03722673688543	0.04032030710855891
325.31614640807857	0.03963741068497188
326.8829036820239	0.039177453534305746
328.8769583943179	0.038602991628655305
329.8739857504649	0.03832025995536431
331.58317550385976	0.03784240797625184
333.5772302161538	0.03729559031711932
335.0015550106495	0.03691188491973988
336.4258798051452	0.03653378863791246
337.8502045996409	0.036161195626546926
340.41398922973326	0.035504067886194236
340.98371914753153	0.035360356423104713
346.68101832551446	0.0339678271498021
356.65129188698455	0.031712868886230414
368.33075520184946	0.02933385811242621
380.1526509961639	0.02717716102809434
393.25643910552463	0.025041943778034228
409.06644432442715	0.02277135946360799
425.0188820227793	0.020767141882688543
442.11077955672795	0.01888826934036212
461.48159676186987	0.017039503794496796
483.1313336382048	0.015264872689533622
505.9205303501364	0.013669047415295206
530.9886467332611	0.012175494719554817
559.4751426089324	0.0107462161037914
590.2405581557967	0.009457459608039372
625.5638130592909	0.00823395995897281
668.8632868119607	0.007021310368821772
721.2784392494034	0.0058684135293289
783.9487302072154	0.004815070187085558
860.2925391921863	0.0038626706385311246