 t [day]	Mdot [M_\odot yr^-1]
4.032849699724417	0.04968332143662134
5.187888087760793	0.13609831393855182
6.44307431291015	0.25349402843552166
7.640397343283119	0.4315786951963231
8.93119168829487	0.7057235793353294
9.972729194269869	0.9851796925317412
11.30803368910961	1.4041866492697814
12.509807734465378	1.8235808032971548
14.592882746415373	2.61465140515169
15.213799336515853	2.864470844947468
16.42670091932862	3.373520448638332
18.360666929354846	4.240746616098261
19.52905836233962	4.767207660344592
20.997893306663336	5.333980755115634
21.784610204873083	5.545892279238948
22.968580190297654	5.6942288422637075
24.113603794622733	5.633668582526173
26.009736177295167	5.198862155500322
26.857654531518403	4.9293119712858315
28.77381648161343	4.28163960152185
30.69665495418266	3.6738715750849087
31.257482842015353	3.512081795768341
32.5349241420787	3.172032041592365
33.669932962692485	2.902202852566488
34.913991650384844	2.63868448904917
36.12244221821481	2.4117011630364993
37.2285194414404	2.226136343576083
38.470352621641354	2.0400330998441905
39.68993072692832	1.877342567248187
40.873900712352885	1.7360306031486368
42.25594086451202	1.5891076991117137
43.68916768897335	1.454486564903833
47.216597062841664	1.184862373005581
46.87164340167473	1.2079383856466974
48.55412706517281	1.1010959564600387
49.83601938021896	1.028546683294642
51.336011429422264	0.952068201878608
52.58229562460603	0.8946030569268734
53.43243948632066	0.8582342320662537
54.57635033690004	0.8125824066580146
55.689104082599826	0.7714716421002488
57.02885959242237	0.7258607836733781
58.150515368087746	0.6906240537654522
59.481368847944694	0.6519514705028635
60.78996725288764	0.6169205786798008
62.28995930209095	0.5800371294833604
65.70833880888068	0.5071171606068406
67.08815345354841	0.48142726097435257
68.52138027800974	0.45669915442091336
70.07923552198945	0.4318612140768782
71.09406693806764	0.41672350984697526
72.3403511332514	0.3991656388709827
73.57773329846957	0.3827754294856077
74.87742967344691	0.3665901304440456
76.0079874790779	0.35330522313505
77.15634934464008	0.34051300323470185
78.80322488827575	0.3233071662708136
79.64891773500759	0.31495668465843457
80.84178975039777	0.30369819072333265
82.2216043950655	0.291385936761993
83.87738196866677	0.27753972410324634
85.14147022378172	0.267598120018191
86.2364199095503	0.25939569682297764
87.99902184273877	0.24693239467349062
91.4797155592877	0.2247243784358771
91.92481705756762	0.22209311606274193
93.5449865113065	0.21287910323458886
95.6636696431189	0.2016345864387715
96.86544368847467	0.19563065154081286
98.89510652063107	0.18605600588798088
100.57759018412915	0.1786181803848981
101.91289467896888	0.17301332381826012
103.01674639470306	0.16856730239124396
104.45887524912999	0.1630000903075656
105.52711884500178	0.15904347494424234
106.79120710011674	0.1545356802808958
108.23333595454366	0.14961163434497943
109.96032976786972	0.14400325498795422
111.56269516167741	0.139062868216905
112.31046567878768	0.13683941416264164
113.66357423355862	0.1329423629542129
115.62202082599023	0.12757521377459224
115.83566954516459	0.12700838371031095
117.18877809993553	0.12349999283939234
118.79114349374322	0.11952029224211463
120.17986016837655	0.11621652833972243
121.4617524834227	0.11328046573981737
122.65462449881288	0.1106416900804481
124.86232793028124	0.10598244453023982
126.0908080655338	0.10350921690166082
127.194659781268	0.10135591601336784
129.11749825383723	0.09775349806729518
130.89790424695687	0.09457712334827836
132.3222290414526	0.09213999511444403
133.3904726373244	0.09036995605753209
134.9572299112697	0.0878595856410383
136.16790598659105	0.08598666373037249
137.62783890094917	0.08380223273446706
138.9453393358577	0.08189753990358715
140.36966413035344	0.0799064067146619
141.6515564453996	0.07817228204113795
142.6485838015466	0.07686000001598706
143.89486799673037	0.07526293088249827
145.39040903095088	0.07340754839736995
146.95716630489616	0.07153225089360822
147.98980178090557	0.07033300151429833
149.59216717471327	0.0685275257304901
151.19453256852094	0.06678671063657478
152.36960052397993	0.06554948684153573
153.93635779792524	0.06394954996302302
155.1114257533842	0.06278549661186461
156.46453430815512	0.06148173515948953
157.46156166430214	0.0605453617126185
158.81467021907307	0.05930641744079838
160.2389950135688	0.05804052562572131
162.09061724641325	0.056451093737902754
163.2300770820098	0.055503329918891044
165.08169931485426	0.054010424206657436
166.64845658879958	0.05279103320913307
168.07278138329528	0.0517159037002644
169.88879549627734	0.050389358157360974
172.0964989277457	0.048840412999817194
172.55940448595683	0.04852416557859188
173.6988643215534	0.047757907501572286
174.90954039687477	0.046962319536340884
176.832378869444	0.045736661909803335
178.47035238311406	0.04472786489945655
179.60981221871066	0.04404450734901989
180.74927205430723	0.04337578151016201
182.0311643693534	0.04264045546717442
183.17062420494997	0.04200150676834017
184.31008404054654	0.04137598005530548
185.87684131449186	0.04053713535569936
187.72846354733628	0.03957638064244497
189.15278834183204	0.03885905993573674
190.57711313632774	0.03815994835068927
191.64535673219953	0.037647208032104994
193.63941144449353	0.03671578236366687
195.06373623898926	0.036070274858387666
195.88272299582434	0.035706342252545153
197.5206965094944	0.03499386897597464
199.30110250261404	0.03424199680470559
201.79367089298157	0.033227164283969955
203.0399550881653	0.03273562531602003
204.39306364293626	0.032213503373697286
206.03103715660635	0.03159706496863584
208.38117306752432	0.030741345549153268
211.22982265651575	0.029747375855910526
211.30103889624053	0.029723111979279987
213.50874232770892	0.028984598136601335
214.64820216330548	0.028613548487992566
215.6452295194525	0.02829436501805836
217.35441927284737	0.027758795521285698
218.49387910844393	0.027409681495708535
221.34252869743537	0.02656361687409584
222.33955605358238	0.02627621693013675
223.62144836862853	0.025913125709440522
224.476043245326	0.025674997193551284
226.61253043706958	0.02509305945621982
228.9626663479875	0.024474258445797734
229.88847746440973	0.024236412544626735
231.38401849863024	0.02385905982522478
233.1644244917499	0.02342058787241729
234.30388432734648	0.02314593294862892
238.14956127248493	0.02225193086817575
238.86172366973284	0.022091760459607406
240.99821086147642	0.0216209368406458
242.28010317652257	0.02134524353655015
242.92104933404565	0.021209262748304272
244.06050916964222	0.02097053395775103
245.41361772441317	0.020691961809204296
247.2652399572576	0.020319188287935126
247.8349698750559	0.020206404851762484
248.8319972312029	0.020011159794916623
252.25037673799264	0.019361695760446163
258.9447032721225	0.018173716989925405
272.33335634038235	0.016089634925056433
289.1403889154319	0.013924292714073317
309.9355309150695	0.011778277121665775
332.8671601064506	0.00992025631852511
359.074736325172	0.00827100140476906
392.83123395472063	0.006671941286013403
434.9912478717941	0.0052343205909833705
488.83072510373245	0.003971386787107017
562.8956144260561	0.002851888183588112
670.0048389806805	0.0019036167826931053
839.7843544845708	0.0011367969874609442