 t [day]	Mdot [M_\odot yr^-1]
12.908814003129198	0.015580395372394711
14.711475071162848	0.11732396698547706
16.66992166359447	0.2667709999856959
18.5749560762325	0.42504705743118343
20.333106994438157	0.5805915848229017
21.971080508108244	0.7334683795127012
23.60460300679553	0.8926425065273437
25.309341745207597	1.0630731615579003
26.8694224966787	1.2176606342059455
28.492930211654684	1.3673034993566993
30.119776187867767	1.490854994492209
31.711014044218462	1.5701257115666405
33.30892842304335	1.5979339550915734
34.922421354308035	1.5739882042194684
36.50698268818453	1.5103350516164078
38.179451567971306	1.4164246792807031
39.75511087188221	1.3166649530133991
41.39530989304368	1.211314840112216
43.100048631455756	1.1065667312448315
44.762502727531235	1.01213749913553
46.40715276367552	0.9272388523564072
48.0429007698542	0.8511794811736555
49.671972253558685	0.7832417301579466
51.30660750599167	0.7222229180799453
53.01579725938654	0.6652883521055256
54.60592236199154	0.6179248310859708
56.159326590988435	0.5762804060774902
57.74388792486493	0.5379802223907396
59.35070433365542	0.5029622841385756
61.0020308922739	0.470517501700802
62.65558295838378	0.44120625720156587
64.26907588964848	0.41531260869670467
65.96268709060354	0.39067505325467
67.74086757623179	0.36727887271300225
69.2675657153319	0.34897982749156214
70.93447082639018	0.33067459032897223
72.59024839999147	0.3140346137767892
74.19929031627335	0.2991779170019504
75.89067600973702	0.2848072541581989
77.5420025683555	0.2718796801496013
79.20668217192238	0.2598351145997329
80.92254844779146	0.24835108681571072
82.59167906634113	0.23799471601507657
84.24523113245101	0.22844886521032332
85.90100870605228	0.21953380511017814
87.55678627965356	0.2112024698307985
89.10573949366767	0.20388956591336432
90.77041909723454	0.19650291994436117
92.39949058093903	0.1897076848228144
94.0152090196951	0.18335561480785684
95.76445790793518	0.176876894046802
97.43358852648487	0.17104892167015853
99.33417192414008	0.16479777036057588
100.79410483849821	0.16025227736733288
102.45878444206508	0.15532005490865583
104.00773765607919	0.15095379543743606
105.83265379902683	0.14606517624305604
107.39050904300653	0.14209520195373096
109.34005360547255	0.13737113380151292
110.79998651983067	0.1339990710392518
112.43796003350076	0.13037319507967793
114.57444722524433	0.12587693994912252
115.71390706084092	0.12358007650487524
117.43199884420139	0.12024155537607537
119.23911092721784	0.11688267004659701
121.18865548968385	0.11342306635962697
124.04620710864091	0.10863640663183684
126.52097143907723	0.10474187856595703
127.46458661543063	0.10331401592040082
129.2093844886879	0.10075223722468567
131.07881078146355	0.09811500668412707
133.3221223327943	0.09508833172687335
135.04911614612038	0.09285479955256082
137.07877897827677	0.09033081868722784
138.30725911352937	0.08885359492620815
140.44374630527292	0.08637047874676393
142.7226659764661	0.0838358411222324
145.2864506065584	0.08111616795807994
148.13510019554985	0.078246881221498
149.55942499004556	0.07686888512415535
151.83834466123872	0.07473826130350486
153.26266945573445	0.07345098027178233
156.1113190447259	0.07097328446681632
158.10537375701992	0.06931186078449053
161.80861822270882	0.06637511183844798
163.23294301720452	0.06529424609443044
164.9421327705994	0.0640310228790843
167.50591740069171	0.062202403548186146
170.92429690748145	0.059880898121205874
172.34862170197718	0.058950842345864694
174.62754137317032	0.057506002873747235
176.90646104436348	0.05611215893161939
181.17943542785068	0.05362786970502896
183.4583550990438	0.05236771236644765
184.0280850168421	0.05205937954027798
188.01619444143012	0.049972799908180605
190.29511411262328	0.04883435304405397
192.57403378381645	0.04773295826975301
193.71349361941304	0.04719565306880911
197.13187312620278	0.045635027124492654
199.41079279739594	0.04463555463242208
201.1199825507908	0.04390647572719229
201.97457742748824	0.04354833960567799
204.2534970986814	0.04261357327418055
206.2475518109754	0.041819093817209475
210.80539115336174	0.04008108832403036
212.5145809067566	0.03945596561540407
213.369175783454	0.03914862834495403
215.64809545464718	0.038345620203829006
219.35133992033607	0.037090139383590306
222.1999895093275	0.03616398564202684
222.7697194271258	0.035982725135930725
226.75782885171384	0.034749474048733624
227.89728868731044	0.03440819985092803
231.31566819410017	0.03341259370212574
233.5945878652933	0.03277152528942964
234.7340477008899	0.03245754836237785
238.15242720767964	0.03154092152429936
240.4313468788728	0.030950186433315565
242.71026655006597	0.03037507280354761
244.98918622125913	0.02981504385080961
246.1286460568557	0.029540524674761565
249.54702556364543	0.028738206107808178
251.82594523483857	0.0282204335549936
254.10486490603174	0.027715816008457773
256.3837845772249	0.027223920043065043
258.6627042484181	0.026744329902091364
260.94162391961123	0.02627664663127021
262.0810837552078	0.026047149791626627
265.49946326199756	0.025375484046773648
267.7783829331907	0.024941283724442345
270.05730260438384	0.02451754684456604
272.33622227557703	0.024103947116064273
274.61514194677017	0.02370017079699876
276.89406161796336	0.023305916116775762
279.1729812891565	0.022920892729584662
281.45190096034963	0.02254482119711323
283.7308206315428	0.022177432498727397
286.00974030273596	0.02181846756743091
288.28865997392916	0.021467676850029642
290.5675796451223	0.02112481989005141
292.8464993163155	0.02078966493205362
295.1254189875086	0.02046198854606082
297.40433865870176	0.02014157527094726
299.6832583298949	0.01982821727566178
301.9621780010881	0.019521714037273822
304.2410976722813	0.019221872034870656
306.5200173434744	0.018928504458414326
308.79893701466756	0.018641430931715046
311.07785668586075	0.018360477248735272
313.3567763570539	0.018085475122484818
315.6356960282471	0.017816261945821307
317.9146156994402	0.017552680563506104
320.19353537063336	0.017294579054904495
322.47245504182655	0.017041810526769022
324.7513747130197	0.016794232915558392
327.0302943842128	0.01655170879879878
329.309214055406	0.01631410521500886
331.58813372659915	0.016081293491744867
333.8670533977923	0.01585314908134507
336.1459730689855	0.01562955140398312
338.4248927401786	0.015410383697652982
340.70381241137176	0.015195532874741005
342.982732082565	0.014984889384848012
345.26165175375814	0.014778347083557474
347.5405714249513	0.014575803106851429
349.8194910961445	0.014377157750893379
352.0984107673376	0.014182314356925994
354.37733043853075	0.013991179201022684
356.65625010972394	0.013803661388470828
358.9351697809171	0.0136196727525584
361.2140894521102	0.01343912775755437
363.49300912330335	0.013261943405689368
365.77192879449655	0.013088039147943037
368.0508484656897	0.01291733679846556
370.3297681368828	0.01274976045246022
372.608687808076	0.012585236407370783
374.8876074792692	0.012423693087221169
377.1665271504624	0.012265060969962549
379.44544682165554	0.012109272517693908
381.7243664928487	0.011956262109626255
384.0032861640418	0.011805965977665263
386.282205835235	0.011658322144500088
388.56112550642814	0.011513270364083046
390.8400451776213	0.01137075206439958
393.11896484881447	0.011230710292423642
395.3978845200076	0.011093089661167376
397.67680419120074	0.010957836298733101
399.95572386239394	0.010824897799280645
402.2346435335871	0.010694223175829392
404.5135632047802	0.010565762814816377
406.79248287597346	0.010439468432337578
409.0714025471666	0.010315293031997253
411.35032221835974	0.01019319086430601
413.62924188955293	0.010073117387554242
415.90816156074607	0.009955029230105196
418.1870812319392	0.009838884154049382
420.4660009031324	0.009724641020161158
422.74492057432553	0.009612259754108059
425.02384024551867	0.009501701313859879
427.30275991671186	0.009392927658248337
429.581679587905	0.00928590171663605
431.86059925909814	0.009180587359642651
434.1395189302913	0.00907694937089436
436.41843860148447	0.008974953419750152
438.69735827267766	0.008874566034968539
440.97627794387085	0.008775754579280322
443.255197615064	0.008678487224827598
445.5341172862571	0.008582732929439294
447.81303695745027	0.008488461413707767
450.09195662864346	0.008395643138839805
452.3708762998366	0.008304249285247187
454.64979597102973	0.008214251731853695
456.9287156422229	0.008125623036088506
459.20763531341606	0.008038336414540534
461.4865549846092	0.007952365724249979
463.7654746558024	0.00786768544461175
466.04439432699553	0.007784270659870276
468.3233139981887	0.007702097042180971
470.6022336693819	0.007621140835219633
472.88115334057505	0.007541378838320028
475.1600730117682	0.007462788391117309
477.43899268296127	0.0073853473586832485
479.71791235415446	0.007309034117131762
481.9968320253476	0.007233827539680092
484.27575169654074	0.007159706983148639
486.55467136773393	0.0070866522748830795
488.83359103892707	0.007014643700085041
491.1125107101202	0.006943661989536346
493.39143038131346	0.006873688307702061
495.6703500525066	0.0068047042412008405
497.94926972369973	0.006736691787628847
500.2281893948929	0.006669633344723676
502.50710906608606	0.006603511699859661
504.7860287372792	0.006538310019859258
507.0649484084724	0.006474011841113814
509.3438680796655	0.006410601059998986
511.62278775085866	0.006348061923578111
521.8779262712279	0.00607701690970097
541.2487434763698	0.005607790810043016
562.8984803498561	0.005141593339972086
585.687677058939	0.004707745580522622
609.6163336064673	0.0043057086905954715
635.8239098251886	0.003918729053904608
665.4498655506995	0.0035377635097138217
698.4942007830003	0.0031716168447591224
734.956915522091	0.0028266204858141235
777.1169294391644	0.0024901440345938865
824.9742425342208	0.0021727393243403978
878.52885480726	0.0018811538973597206
940.0596859294754	0.0016098460101863286
1012.9851154076565	0.0013545964373608413
1100.723522748593	0.0011170746662280582
1207.8327472946717	0.0008996047119569313