 t [day]	Mdot [M_\odot yr^-1]
15.603010224459721	0.05493845341945958
17.859674820738885	0.18792457080884364
20.234291314062226	0.3550748256960157
22.553270120100574	0.5175463445193773
24.878925448613128	0.6750615312323817
27.19122773217728	0.7869301834393444
29.52578509065543	0.8105455857268525
31.825847083016882	0.7531161160471673
34.216042128780025	0.658960177900537
36.54281021103827	0.572188448131083
38.83063191219703	0.503961414181301
41.12513013582998	0.45167388268954534
43.43965792688554	0.41107529353504313
45.88326515244226	0.37718810447108714
48.362480497861384	0.3490385434642039
51.104305727265654	0.32276488285039
53.24079291900924	0.3048017981457427
55.7689694320878	0.28568839514668576
58.119105341581424	0.2696096435610797
60.380220954267706	0.25543433711338975
63.122046183671976	0.23972351797747204
65.5968105141083	0.22677413971752103
67.44843274695275	0.21777394264596758
71.50775841126556	0.1998839209770384
72.07748832906385	0.19755880248109178
74.356408000257	0.1886762326422744
76.9914088700741	0.17918290389733157
78.91424734264332	0.1727371195495861
81.19316701383649	0.16557984503623127
83.75695164392879	0.15810133206303248
85.7510063562228	0.15266933503659105
88.59965594521427	0.14544069019527398
90.59371065750827	0.14072177402185027
92.87263032870142	0.13564325688246154
95.00911752044502	0.13116350904629479
97.7153346299869	0.12584728432057074
100.2791192600792	0.12114833735822604
101.98830901347407	0.11818344151198495
104.26722868466723	0.11442342326781674
108.25533810925525	0.10832794764567333
109.39479794485183	0.10669044149602736
112.81317745164158	0.10203006013585908
113.09804241054073	0.10165787908134796
116.3739894378809	0.09754372450903345
118.36804415017488	0.09518039987030169
119.93480142412018	0.09339313059326267
122.78345101311163	0.09029054870956281
124.77750572540563	0.08822453501050624
127.05642539659881	0.0859627775148754
129.33534506779196	0.08380051157369915
131.61426473898513	0.08173145586786677
133.8931844101783	0.07974983418993815
136.02967160192185	0.07796673622231556
139.0207536703629	0.07558398706702177
140.58751094430818	0.07438572839664669
142.5815656566022	0.072907493013292
145.28778276614406	0.07098084763210266
148.13643235513553	0.0690457024353604
151.26994690302612	0.06701955632010127
152.979136656421	0.06595694165025981
155.25805632761416	0.06458430475140187
157.25211103990816	0.0634228017509458
159.67346319055088	0.06205957805918913
161.8099503822945	0.06089764899757836
163.51914013568936	0.05999447862148853
167.50724956027736	0.0579732536551514
169.78616923147055	0.05686946115925887
171.49535898486542	0.056064724996645526
173.20454873826029	0.05527903768917843
174.628873532756	0.05463838060195135
177.47752312174745	0.053393972797012926
181.18076758743632	0.051846069675443696
183.4596872586295	0.05093057183154656
185.73860692982268	0.05004186466850712
188.01752660101582	0.049178830297196344
190.29644627220898	0.04834041230091727
192.57536594340212	0.04752561153423682
193.14509586120042	0.047325489584700495
195.13915057349445	0.04663601505261046
199.4121249569816	0.045213701268111285
201.12131471037648	0.044664877410964296
202.26077454597308	0.044305121183157554
206.24888397056108	0.04308312125670611
208.52780364175425	0.042409737089366906
210.80672331294738	0.04175363365490718
212.51591306634225	0.041272519034694456
215.3645626553337	0.0404907959164708
215.93429257313198	0.0403373906461851
219.92240199772004	0.03928994842375314
220.20726695661918	0.039216854892153076
224.48024134010635	0.03814685333358675
226.7591610112995	0.03759574223068789
227.89862084689608	0.03732509521557606
231.3170003536858	0.03653213817271179
233.595920024879	0.03601880175367656
235.87483969607217	0.035517243449145496
237.86889440836615	0.035087744004398964
239.2932192028619	0.03478616711329928
242.7115987096516	0.03407953396877531
243.8510585452482	0.03384922294749973
246.4148431753405	0.03334028166920754
249.54835772323113	0.032735119355673546
251.82727739442427	0.03230624986324659
254.10619706561744	0.03188653310783332
256.3851167368106	0.03147569697078309
258.6640364080037	0.031073479810056776
260.9429560791969	0.030679629960237504
262.3672808736926	0.030437614846363998
265.50079542158323	0.02991607261339451
266.92512021607894	0.02968383480800158
270.05863476396956	0.029183193882219072
271.1980945995661	0.029004565906183787
274.61647410635584	0.028479294807364625
276.89539377754903	0.02813771493389236
279.17431344874217	0.02780279683759768
281.45323311993536	0.02747436029875317
282.5926929555319	0.027312518019047473
286.01107246232164	0.026836242138731654
288.28999213351483	0.026526230406720273
289.42945196911137	0.026373416937509508
292.8478314759011	0.02592351806423538
295.1267511470943	0.025630519735661758
296.2662109826909	0.025486047345431945
299.6845904894806	0.025060531182737145
301.96351016067376	0.024783271779526463
304.2424298318669	0.024510996769894242
306.5213495030601	0.02424358220015065
308.80026917425323	0.023980908070163905
311.0791888454464	0.023722858178498125
313.35810851663956	0.023469319974791167
315.0672982700344	0.023282061394661737
317.91594785902583	0.022975345846955444
320.1948675302191	0.022734701842452888
322.4737872014122	0.022498153114594955
324.75270687260536	0.02226560338103631
327.03162654379855	0.022036959256274437
329.3105462149917	0.021812130144899047
331.5894658861848	0.02159102813952476
333.868385557378	0.02137356792316897
336.14730522857116	0.02115966667584098
338.4262248997643	0.020949243985141468
339.5656847353609	0.020845312606838237
342.9840642421506	0.02053852415201434
343.55379415994895	0.02048811053924923
347.5419035845369	0.02014081011269854
349.8208232557301	0.019946652490618486
352.0997429269233	0.019755536960184287
354.3786625981165	0.01956739775601934
355.518122433713	0.01947442422252555
358.93650194050275	0.0191997942777721
361.21542161169594	0.019020207304778238
362.3548814472925	0.01893144148975518
365.7732609540822	0.01866916852013066
368.05218062527535	0.018497603683180684
370.33110029646855	0.018328602370392442
372.6100199676617	0.01816211175222522
373.7494798032583	0.018079791825203292
377.167859310048	0.01783645817808916
379.44677898124115	0.01767719632786311
381.7256986524344	0.01752024729981737
384.00461832362754	0.01736556477731252
384.5743482414258	0.017327242973525142
388.5624576660138	0.017062819855888908
390.841377337207	0.016914670588361134
393.12029700840014	0.01676861401968158
395.3992166795933	0.0166246093893445
397.6781363507865	0.01648261694816538
399.9570560219796	0.01634259792774907
402.23597569317275	0.016204514511046986
404.51489536436594	0.01606832980395835
406.7938150355591	0.015934007807932752
409.0727347067522	0.01580151339353212
410.2121945423488	0.015735940782842444
413.6305740491386	0.015541870985206435
415.90949372033174	0.01541465685271097
418.18841339152493	0.015289137977949277
420.46733306271807	0.01516528321147067
421.60679289831467	0.015103970334430778
425.0251724051044	0.014922445027828093
427.30409207629754	0.014803402872593012
429.5830117474907	0.014685907310133483
431.8619314186838	0.014569930633680362
433.0013912542804	0.014512503392559549
435.28031092547354	0.014398754472016159
438.6986904322633	0.014230846224092951
440.97761010345647	0.014120680399377193
443.2565297746496	0.014011904061166343
445.53544944584286	0.013904493041684375
447.814369117036	0.013798423708049044
450.09328878822913	0.013693672947898765
452.37220845942227	0.0135902181554715
454.65112813061546	0.013488037218125224
456.9300478018086	0.013387108503278249
459.20896747300174	0.013287410845758367
461.48788714419493	0.013188923535543885
463.76680681538807	0.013091626305883784
466.0457264865812	0.012995499321781925
468.3246461577744	0.012900523168834072
470.60356582896753	0.01280667884240532
472.88248550016067	0.012713947737133384
475.16140517135386	0.012622311636750767
477.44032484254706	0.012531752704209673
479.7192445137402	0.012442253472103721
481.9981641849334	0.01235379683337429
484.2770838561265	0.012266366032289573
486.55600352731966	0.012179944655692734
488.83492319851285	0.012094516624503582
491.113842869706	0.012010066185469386
493.3927625408991	0.011926577903156241
495.6716822120923	0.011844036652169486
497.95060188328546	0.01176242760960095
500.2295215544786	0.011681736247690063
502.50844122567173	0.01160194832669653
504.7873608968649	0.011523049887973464
507.06628056805806	0.011445027247237774
509.3452002392513	0.011367866988029223
511.62411991044445	0.011291555955353364
523.0187182664102	0.010922296303306364
544.6684551427453	0.010272996039834522
567.4576518432822	0.009655271804566835
591.3863083794158	0.009069696711447382
616.4544247625406	0.008516308149152635
642.6620009812619	0.007994713203471625
671.1484968711763	0.00748482322737219
701.9139124322841	0.006991605186316512
734.9582476645849	0.006518760191924253
770.2815025680788	0.006068864640537125
807.8836771427659	0.005643530872293781
847.7647713886462	0.0052435716110699315
891.0642451413163	0.00485965357714272
937.782098400776	0.00449481404871766
987.9183311670255	0.004150983486393438
1042.6124032756613	0.0038227820013154706
1101.8643147266835	0.0035129551262284542
1166.8135253556884	0.0032183010512390237
1237.4600351626766	0.002941486743800381
1313.8038441476474	0.0026839886944998084
1396.9844121461977	0.0024432942101210967
1488.1411989939238	0.002217966347201024
1589.5531243620194	0.002005061666579669
1703.4991079216775	0.0018034384412997145
1831.1186095084943	0.0016146329262535376