 t [day]	Mdot [M_\odot yr^-1]
6.483115859053321	0.09210990430463789
7.693791934374686	0.35568868168092665
8.833251769971266	0.8614910431698163
9.972711605567845	1.6863409506878322
11.112171441164426	2.8483185374534057
12.207121126933012	4.258447912107543
13.391091112357584	6.0547228290746204
14.535001962936963	7.970219329806647
15.875870226505205	10.177896569538076
16.89515265756621	11.51133856841768
18.249373966082846	12.371299096487741
19.448922503947212	12.186057491159781
20.487121748685116	11.522876462260722
21.657738689161288	10.527119320549394
22.82835562963746	9.500137095191869
24.03569344372173	8.531916342176963
25.381012722272768	7.606098622268246
26.341319204811683	7.041033931539404
27.567573832572844	6.41959581531637
28.8350003489249	5.87506382822557
30.205912963627036	5.3752066800541884
31.553457749669473	4.955228617670778
32.726300197637045	4.63581911340303
33.86576003323363	4.359252765330486
35.0052198688302	4.110638044213044
36.149130719409584	3.8849716481894427
37.06047603713771	3.720064766843112
38.56491910132382	3.472751437354755
39.85237518509847	3.282446815981998
41.187679679938206	3.1029391340470616
42.51185663732095	2.9406157630831626
43.74923880253911	2.8013675145666532
44.89203689937279	2.6822737051160077
46.3764503961363	2.5397386489588936
47.592690240186165	2.432131302978236
48.732150075782755	2.33806216860947
49.80039367165455	2.2552807476179755
51.011069746975906	2.167252376865626
52.150529582572496	2.08955732702626
53.38791174779065	2.010367845561026
54.6898336302594	1.9323804171297527
55.92276478049476	1.863138914618834
57.21801014105904	1.7948244052307976
58.50546622540342	1.7310464911220975
59.74952491309578	1.6730106634223758
60.92348011480905	1.621234506805259
62.40678085782687	1.5596380780100887
63.74431086015801	1.5074647385438331
65.03176694393265	1.4600216794951488
66.31143375148741	1.4153635757200782
67.56884548412818	1.3737336536884397
68.81958069429473	1.3343840205425663
70.06141387449568	1.2972081003121678
71.24427110617455	1.2634371458940572
72.54619298864331	1.227995174091337
73.82697254994376	1.1947812930861135
75.1355709548867	1.1624272169100776
76.46642443474364	1.1310551626027237
77.7705718247038	1.1017149098385939
79.06581718469833	1.0738619214520897
80.32322891733911	1.047974515145348
81.44933570798729	1.0256984107891796
82.87811151746581	0.9985977940132906
84.26237717711633	0.973508203923676
85.59323065697329	0.9504029516473816
86.89737804693343	0.9286711986247743
88.21932949682477	0.9075097541965725
89.50567282685371	0.8877099359795083
90.52272975042334	0.8725798349424718
92.08948702436862	0.8501309698188663
93.40031093680297	0.8321073552283276
94.69221803556042	0.8149822980536392
95.98523788806357	0.7984447882482726
97.28827252427801	0.7823582320263271
98.56348831684997	0.7671502399622075
99.67179104756697	0.7543429014225352
101.11169439450248	0.7382463634144539
102.49373454666161	0.7233459911655695
103.81123498157015	0.7096175705996842
105.1075930953104	0.6965416632598203
106.37390685791675	0.6841640193408719
107.61462728437202	0.6723987980971476
108.6884346489723	0.6624940110071171
110.324182655151	0.6478792072070906
111.61052598517995	0.6367699337861893
112.90799685266589	0.6258910911557205
114.20101670516904	0.6153622400163475
115.38721219808501	0.6059667592617722
116.54336333986708	0.5970426590448302
117.72065680281747	0.5881834973528891
119.01590216281203	0.5786928126659454
120.1898573645253	0.570314079398627
121.58302505414142	0.5606355657700173
122.96617796004625	0.5512998505083151
124.28367839495479	0.5426503304681474
125.56890897123806	0.5344324148673569
126.8463502713014	0.526471421773937
128.14604664627876	0.5185759536955963
129.27660445190975	0.5118697132840854
130.78438577733294	0.5031515576816729
132.12191577966408	0.49562594004763605
133.37710200481345	0.4887350498996071
134.66567084233378	0.48182759446348955
135.95423967985414	0.4750833426326756
137.2327937336632	0.46854740639347725
138.42900401029047	0.46256846545908653
139.7876763337899	0.4559318320955932
141.19976083708292	0.44920244307527557
142.52171228697426	0.4430526212964636
143.79692807954623	0.43725315606593324
145.0387612597472	0.43172704206231965
146.30952603733633	0.42619252643334704
147.5580357400115	0.420869917058705
148.73978021794466	0.41593384120009264
149.81358758254495	0.41153218002166153
151.2223338246009	0.40587478924402726
152.6099377454885	0.40042848281893745
153.89405556802606	0.3954964439315923
155.17372237558084	0.3906817710912095
156.44337439942427	0.38600085899997766
157.74307077440162	0.38130547240024454
158.9125749611321	0.37716140299757916
160.3702823679988	0.37210041390051113
161.74342049019234	0.36743585447148797
163.0442296189154	0.3631062752234516
164.33724947141854	0.3588862809863934
165.6057887415163	0.3548250331858813
166.89547033278237	0.35077400459788266
168.02936639965043	0.34727554550023854
169.47038250033165	0.3429126243857164
170.814589025137	0.3389244310361208
172.06754974279497	0.33527596772674395
173.22258813083133	0.3319701396110844
174.3920923175618	0.3286777708420336
175.67954840133643	0.32511565865825565
176.96477897761972	0.3216232421096833
178.25223506139437	0.31818682916389013
179.44510707678452	0.31505695664013444
180.83382375141787	0.31147713245117137
182.2236531797969	0.3079615431995108
183.48885418865754	0.30481808623202966
184.7429276600612	0.30175446791425703
186.11495302850903	0.2984607852227264
187.4101983885036	0.29540576855235395
188.57191329901414	0.29270955134084176
189.8449035840947	0.28980161061902376
191.11789386917525	0.28694124280593963
192.37864386305316	0.28415419784538565
193.66276168559068	0.2813613040060694
194.99250241170193	0.2785167894194141
196.28774777169644	0.27579156684732853
197.44167340598716	0.2734006721620914
198.47542163574226	0.27128778126003344
199.8585745416471	0.26850272457054886
201.19054077524973	0.2658651835728372
202.22762726624194	0.26384111198758964
203.57851031352146	0.26124259349769197
204.7891863888428	0.25894955429768945
206.0477108752293	0.2566009799783919
207.32849043652973	0.2542468365130792
208.6270740577614	0.251896222550342
209.90451535782472	0.24961874549351903
211.18863318036227	0.24736348570495148
212.47163824915415	0.24514363554191623
213.52096503134905	0.24335247075879737
215.02985911051798	0.24081449918965053
216.1882357597914	0.2388956491343183
217.43897096995798	0.23685202800504018
218.7275398074783	0.23477664063216175
220.06061879482667	0.2326610145535684
221.36699169227822	0.2306181695581181
222.5542999389399	0.22878709935515232
223.82283920903765	0.22685715849115684
225.19709008497688	0.224796570954151
226.5780174833903	0.22275694709479968
227.84989501472518	0.22090530165696634
229.11287051609443	0.21909165165769473
230.38586080117497	0.21728838732950706
231.6788806536781	0.21548172272645813
232.98302804363828	0.21368451859042453
234.15141947662303	0.21209533241024237
235.3431787382675	0.2104943838991747
236.4136478416307	0.20907332141606402
237.78901147131563	0.2072706413215713
239.16882611598334	0.20548779270964987
240.4395908935725	0.2038681502058115
241.72370871611005	0.20225280789624792
243.01116479988468	0.20065439093106116
244.29639537616796	0.19907945282786665
245.5493560938259	0.19756362799442434
246.84348870007477	0.19601791629503834
248.117591738901	0.19451555619590732
249.2748556344288	0.1931673873599499
250.56231171820343	0.19168560515562777
251.868684615655	0.19020115766830584
253.14278765448125	0.1887715932831727
254.3957483721392	0.18738298964426028
255.66094938099985	0.1859978717150109
256.8237770452561	0.18473969259016654
258.32488184820517	0.1831361811312072
259.49438603493564	0.1819027737476459
260.7785038574732	0.18056423275236355
262.04926863506233	0.17925556851177446
263.303342106466	0.1779793984552296
264.57188137656374	0.17670372160767348
265.8226165867303	0.17546068587566901
267.08447933435383	0.17422117916204924
268.2595472898128	0.17307989752390107
269.62155787454935	0.17177244450398163
270.85337627103905	0.1706039775339675
272.1130135111712	0.1694226590105159
273.37821452003186	0.16824968419941755
274.6400772676554	0.1670931280557095
275.9108420452445	0.16594164789779223
277.19607262152783	0.16479035580950047
278.48797972028524	0.16364634513573414
279.6129737571877	0.16266080568271488
281.14412291127064	0.16133515538579424
282.466074361162	0.16020494827181964
283.74796667620814	0.15912145305567937
285.0231824687801	0.1580555867469106
286.420801173379	0.15690092537312111
287.69601696595095	0.15585952445261353
288.71529939701196	0.15503533554528925
290.29986073088844	0.1537683165982512
291.5895423221545	0.15274969316038858
292.86920912970925	0.15174998154617014
294.13886115355274	0.15076876222691107
295.5008717382892	0.1497278005748089
296.74493042598164	0.14878735356576248
297.8955177990352	0.147926248104121
299.2085672189609	0.1469536033550216
300.45040039916194	0.14604342777991633
301.73785648293654	0.14510963963414425
303.0275380742026	0.14418412114532017
304.35505329282245	0.1432416316430517
305.6291563316487	0.14234663281361806
306.87766603432385	0.14147857394232927
308.14064153569313	0.14060935560878257
309.3001309387123	0.13981913169744029
310.6009400674353	0.13894132809091947
311.84054774014487	0.13811330056805501
313.1179890402083	0.13726853467975267
314.39320483278016	0.13643375992819268
315.6817736703005	0.13559876927731795
316.96255323160096	0.13477719968078528
318.27115163654395	0.13394628676927714
319.5697352577756	0.1331301083513741
320.6179492862248	0.13247729645932999
322.18248105267867	0.1315127699609096
323.47661365892753	0.13072372524217124
324.7729717726678	0.12994117807018765
326.05375133396825	0.12917564948652913
327.3356436490144	0.12841693140065627
328.6064084266036	0.1276720820297333
329.74698101594583	0.12700963885855754
331.40275858954715	0.12605808122956186
332.69577844205025	0.12532320904507296
333.99547481702757	0.12459169408067049
335.28849466953073	0.12387095692817314
336.4613371174983	0.12322318533664725
337.7588079849843	0.1225131203940347
338.96725855281426	0.12185787533478373
340.3637645036675	0.12110789630635073
341.7524811783008	0.12036968753401925
343.0432755233125	0.11969022348978621
344.3207168233759	0.1190240516058909
345.5747902947796	0.11837604924125224
346.84555507236877	0.11772539283431334
348.1074178199923	0.11708516695694873
349.3759570900901	0.11644737802544912
350.6556238976448	0.11580983711203952
351.91859939901406	0.11518629392189993
353.1971534528231	0.11456073722179685
354.47125649164934	0.11394297045621125
355.7442467767299	0.11333126885449969
357.00833503184487	0.11272924295877719
358.290227346891	0.11212416354424691
359.38517703265956	0.11161160085496803
360.85957574571177	0.11092755971165272
362.0479967461192	0.11038127051605826
363.2085989028841	0.10985208693969913
364.4960549866587	0.10926999786831666
365.80131513036457	0.10868509452858097
367.09544773661344	0.10811031801688806
368.3962568653364	0.10753767120684592
369.6826001953654	0.1069763548687664
370.8587809045701	0.1064673778317467
372.2853312065572	0.10585546188109098
373.6451162838024	0.10527763290493543
375.0182544059959	0.10469945667262927
376.4214368793233	0.10411408965048559
377.6232109246791	0.10361707837610566
379.06867804034306	0.1030245162419318
380.2548735332591	0.10254245972031216
381.5133980196455	0.10203511823451156
382.7886138122175	0.10152531437944091
384.0627168510437	0.10102019495666399
385.34015815110706	0.10051795757613262
386.6209377124075	0.10001858674775302
387.9006045199623	0.09952378093476129
389.0178092806448	0.09909513325823302
390.4766294412573	0.09854004776085686
391.6706142103931	0.0980895941272366
392.95473203293074	0.09760897025643353
394.2277223180113	0.09713639014966573
395.47178100570363	0.09667824032296231
396.74032027580137	0.09621478928461925
397.99773200844214	0.09575906422619652
399.2762860622512	0.09529937219891993
400.4124076366107	0.0948939840858162
401.86788953598597	0.09437884880273363
403.0652125663589	0.09395858634137254
404.3471048814051	0.093512105640183
405.6301099501969	0.09306878738989803
406.91645328022594	0.09262784196937654
408.20390936400054	0.0921900118354683
409.3533839833084	0.09180203035311318
410.492843818905	0.09142012483863125
411.6323036545016	0.091040877278364
412.9030684320907	0.09062103112358705
414.06923435758415	0.0902385942144209
415.57590292926164	0.08974848706983557
416.74206885475496	0.08937220215887544
418.01728464732696	0.08896375265305911
419.2969514548817	0.0885570186982746
420.5766182624365	0.08815339811046315
421.85962333122836	0.08775181710393241
423.15041767624007	0.087350889794804
424.43787376001467	0.08695405580857234
425.5906866405597	0.08660128699507838
426.7301464761563	0.08625496166463203
427.8696063117528	0.08591095811997958
429.0090661473494	0.08556925486413532
430.148525982946	0.08522983065351106
431.28798581854255	0.0848926644942916
432.42744565413915	0.08455773563886425
433.69598492423694	0.08418747242670448
434.9778772392831	0.08381607425098589
436.241965494398	0.08345252615935193
437.52051954820706	0.08308750912106347
438.79796084827046	0.08272548555433368
440.0731766408424	0.0823667333210186
441.35284344839715	0.08200935427129356
442.6258337334777	0.08165642295900728
443.70743037429787	0.08135855992965939
445.1773780723673	0.08095667172776666
446.3635735652833	0.08063479426667818
447.65881892527784	0.08028578127055999
448.94071124032394	0.07994286557978066
450.08907310588614	0.07963776122355168
451.2285329414827	0.07933695717493651
452.3679927770793	0.07903806375143367
453.5074526126759	0.07874106418483558
454.64691244827253	0.07844594189425995
455.78637228386907	0.07815268048361147
456.92583211946567	0.07786126373907747
458.06529195506226	0.07757167562667085
459.2025262831674	0.07728446059438723
460.47662932199364	0.07696480409177665
461.887601071541	0.07661340471915645
463.17171889407854	0.07629594557332291
464.2054671238336	0.07604199281064453
465.8512299137236	0.07564062516910271
467.1453625199725	0.07532751903620218
468.42280382003577	0.0750205924350796
469.69913236635347	0.07471603741648056
470.9787991739082	0.07441277735949457
472.25957873520866	0.0741113307301678
473.3255968235891	0.07386200117901047
474.8077848128612	0.07351768281492398
475.98285276832013	0.07324663362859375
477.25139203841786	0.07295591536545765
478.52772058473556	0.07266537615560022
479.7951471010876	0.07237879491637733
481.0703628936596	0.07209237699430672
482.34891694746864	0.07180712942756136
483.6285837550234	0.07152354095870278
484.7313227170119	0.07128067886896117
486.17790258642157	0.07096420098463643
487.369661848066	0.07070525489979697
488.6415393794009	0.0704306609440285
489.91786792571855	0.07015691681266703
491.1930837182905	0.06988520645363949
492.4682995108625	0.06961527414322628
493.7435153034344	0.06934710379416723
495.0187310960064	0.06908067950441646
496.12814658046904	0.06885030307517818
497.5736136961331	0.06855209148757518
498.7698239727603	0.06830695570768541
500.0472652728237	0.06804681044271599
501.3280448341241	0.0677876678372736
502.6177264253902	0.06752841112173237
503.90963352414764	0.06727038910659702
505.0680101734211	0.06704045515646088
506.2074700090177	0.06681557437880178
507.34692984461424	0.06659197096420597
508.48638968021083	0.06636963487442127
509.6258495158075	0.06614855617160492
510.89661429339657	0.06590347263243013
512.0605547113986	0.06568034151057882
513.5705615443131	0.06539277447980174
514.7322764548237	0.06517298895557529
516.0008157249215	0.06493442308745563
517.2804825324763	0.06469526421681329
518.5590365862853	0.06445780459172819
519.8375906400944	0.06422182273003775
521.1183702013948	0.06398689896718109
522.3980370089496	0.06375363490656756
523.4584913286014	0.0635614235216859
524.965159900279	0.0632900238611012
526.1357768407552	0.06308051577590067
527.4210074170384	0.06285185046088262
528.7028997320846	0.06262518056830627
529.8512615976467	0.062423300927547026
530.9907214332433	0.06222407869456037
532.1301812688399	0.06202593645493889
533.4020588001747	0.06180603352541142
534.8108050422306	0.06156401181453949
536.0893590960397	0.061345750874433294
537.1286710945234	0.061169300075190024
538.6464672036578	0.06091316256807455
539.8081821141684	0.0607183480362729
541.0833979067404	0.06050571937172962
542.3608392068037	0.0602939889737294
543.63494224563	0.06008406692053235
544.913496299439	0.05987466111630107
546.1953886144852	0.0596659549111423
547.47505542204	0.05945884554101281
548.5243822042348	0.059289929139737504
550.0388400521322	0.05904757692191136
551.2050059776257	0.0588621098315859
552.482447277689	0.0586600836718949
553.768790607718	0.0584578426406177
554.9193779807715	0.05827795170382282
556.058837816368	0.058100729980815786
557.1982976519647	0.0579244265233591
558.3377574875612	0.05774903473985573
559.4772173231578	0.05757454809895192
560.6166771587543	0.05740096012886555
561.756136994351	0.05722826441673157
563.0280145256858	0.057036545598207644
564.4367607677417	0.05682547337209948
565.7153148215508	0.056635060832394085
566.7546268200344	0.05648108031802985
568.2701974216775	0.05625781832315044
569.4319123321881	0.056087703206732016
570.9931058231617	0.05586047211584805
572.8469535634976	0.05559268343693527
574.8666016261858	0.05530343542129932
577.156648834836	0.054978564294932315
579.438906753023	0.05465803491190943
581.7156009167248	0.05434146187282027
583.7074301215274	0.05406706563586024
585.554601339389	0.053814711977375924
587.6877502841387	0.0535257904980731
589.9666699553319	0.053220050608511454
592.2411386115423	0.05291788104658809
594.6580397472021	0.052599999244615045
597.0704898678794	0.05228595543546951
599.4851654960479	0.05197482982540539
601.9031793712103	0.05166644467718166
604.1765352594317	0.05137936247625999
606.4521166836311	0.0510947316909283
608.5852656283807	0.05083036688847948
610.5815458481661	0.05058508594138065
612.7202585474012	0.050324553008430556
614.8623094936299	0.050065916900016535
617.0043604398588	0.04980955786802395
619.2855056185434	0.0495390246193917
621.567763565217	0.049270879134014796
623.8433449894162	0.04900599504432742
626.1178136456265	0.04874368029864037
628.2598645918554	0.048498839709255684
630.2272132142526	0.04827582763573225
632.3314305616141	0.0480392485733171
634.6459583526697	0.047781321993050935
636.9604861437252	0.04752577272775982
639.5120304683717	0.0472467728034381
642.1993307499934	0.04695596847995833
644.6128936386596	0.04669740767555806
646.8918133098526	0.046455517246630454
649.310939953004	0.04620110142886398
651.8702735681135	0.045934547579319494
654.2938512262476	0.04568457099863112
656.5838984348978	0.045450518289237345
658.8828476735135	0.04521763173994802
661.175120389655	0.044987467118943386
663.6087128172572	0.044745320268009765
666.042305273346	0.04450541818354167
668.3201122050365	0.0442828815620882
670.7347878332051	0.0440490669910874
673.2874449258404	0.04380420500459312
675.9780834829425	0.04354864683277342
678.5329660830693	0.04330836266042246
681.0856231757044	0.04307057178477444
683.7740362253152	0.042822569859056595
686.4669002899086	0.04257662771569234
689.3400304613056	0.042316909447803024
692.3555931121518	0.042047256899497065
695.2064682086348	0.0417950596008281
697.7791548686927	0.04156971592303857
700.2005070193353	0.04135954698957935
702.6329867074352	0.041150262783863245
705.3414293244684	0.04091939026505067
708.185627898477	0.040679357225490605
711.1889502438776	0.04042853879204712
714.3191265162878	0.040169973603524055
717.3068703377351	0.03992584408920002
720.1722112471551	0.03969413005788113
722.8839921111822	0.039476980510285156
725.4455512337832	0.03927375187774344
727.9926445719332	0.03907347011674595
730.6832831290352	0.03886382525072166
733.5319327180268	0.03864399506485576
736.5207892789763	0.03841566409434412
739.2292318960097	0.03821077806302524
741.7952420335932	0.03801841766588549
744.6438916225849	0.037806839139987725
747.6360864305283	0.03758680142747354
750.7707137179214	0.037358675673342306
753.904228265812	0.03713303574798743
757.0344045667088	0.036910001615441425
759.8797159087063	0.03670928712792473
762.3010680593491	0.03653997667247145
764.7224202099916	0.03637202639394435
767.5599422615261	0.036176920151320034
770.8358892888663	0.03595393376356275
774.6726642040392	0.0356958135510438
778.3725703942478	0.03544995705835166
781.5261145095609	0.03524273620741534
784.8053998123813	0.03502949258597657
788.0824595792242	0.03481864169348825
791.2248761570803	0.034618534034851024
794.3606162124623	0.03442085267295314
797.3472472659205	0.034234404525306086
800.3438931173332	0.03404910452281336
803.3327496782829	0.03386603222598361
806.319380731741	0.03368481517738075
809.4595718021058	0.033496109140232835
812.8746130334152	0.033292984314741876
816.5689554691386	0.03307567175611262
820.1286547158753	0.03286862679918729
823.6894667021147	0.03266378635036544
827.2347001359142	0.03246206244161336
830.7877228316904	0.032262084427819776
834.4876290218989	0.032056132896800364
838.198662778051	0.031851876304785504
842.0654820586009	0.0316414720080533
845.9111590037394	0.03143463532164638
849.6322075293594	0.031236759837910293
853.3432412570252	0.03104159437260777
857.0487112302053	0.030848857818140736
860.7564067108771	0.03065810949601627
864.5798285811015	0.03046357776396623
868.6981302081796	0.030256468937356108
873.2559695505659	0.030030139500342296
877.3642563796894	0.029828685107938957
880.467726562203	0.029678081661375928
883.7503501120174	0.029520242207456627
887.9109363814321	0.02932231076366512
892.4843542762582	0.029107434933337634
896.899761139195	0.028902614655397396
901.0303030432325	0.028713308837138327
904.7335475089213	0.02854544654624082
908.2943594951607	0.028385674429993735
911.9976039608496	0.02822118654961781
915.7008484265385	0.028058382440007797
919.6889578511265	0.027884910377005467
923.534634796265	0.02771942912570822
927.0954467825043	0.027567754608684263
930.9411237276427	0.027405594986526675
934.7868006727812	0.02724512325704806
938.4900451384701	0.027092167290742073
942.6205870425076	0.026923355857000817
947.3208588643436	0.026733524454837686
951.4525135078836	0.02656861658386605
955.0177765091058	0.026427765547603833
958.8667917297247	0.026277191189860993
963.1397661132117	0.026111813533403024
967.6998309630895	0.025937360810957835
971.830372867127	0.02578112625733439
975.6693732897915	0.02563741817777689
979.5195012499127	0.025494723429231526
983.6633961988986	0.025342718216638818
987.9374833218883	0.025187625218031622
991.9144652090192	0.025044829876564537
996.464515289429	0.024883224239581725
1001.4474265626726	0.024708372153098204
1006.7152027948155	0.024525900594579535
1012.1287497534015	0.024340877969218376
1017.114999273639	0.024172659034173618
1021.9565908354222	0.024011303115658144
1026.798182397205	0.02385186774683201
1031.498454219041	0.023698893057718044
1035.9138610819778	0.023556785349956807
1040.6141329038135	0.02340718145966102
1045.5992696845487	0.023250364833207252
1050.8648204092	0.02308676515000399
1056.3963192648305	0.022917117566955202
1061.9511859633637	0.022748995725378782
1067.5049399223947	0.02258311260801834
1072.751573819126	0.022428391531361246
1077.4529583804642	0.022291363148124032
1081.735947561906	0.022167836347836683
1086.4417831667135	0.02203352930780021
1091.5871564868294	0.02188834746833935
1096.8749622863947	0.02174093452048979
1102.0025315465793	0.021599690354695
1107.2725332862135	0.021456239483347458
1112.5425350258477	0.021314499880356733
1117.3852393271331	0.02118573687127378
1122.797673546217	0.021043479925246064
1128.9222701625486	0.020884575225878103
1135.0468667788803	0.020727828134718955
1141.1714633952117	0.020573197566748247
1147.1536275320939	0.02042416791704806
1153.1380171764674	0.020277028420791102
1159.8345692180885	0.020114642031465596
1166.5311212597098	0.019954598992731696
1172.2328714526757	0.019820142497981072
1177.5128879617778	0.01969709060026116
1182.7795514259317	0.019575725251318704
1188.0439894110805	0.01945576232077974
1193.1782351937393	0.019340047081091823
1198.1678229894571	0.019228785676185495
1203.576918961547	0.01910947851400062
1209.5490683004746	0.018979308406028107
1215.9518533532312	0.01884153478057555
1221.9373557655936	0.018714378824729976
1227.9239709174583	0.018588755132249904
1235.0544969199027	0.01844112082695868
1241.4817625550645	0.01830986973396331
1246.45132078336	0.018209550214153547
1251.7079694780457	0.018104522422889287
1257.692359122419	0.0179862941477903
1263.9504861882347	0.017864158793898684
1270.2208535310097	0.01774329701824034
1276.0628106959336	0.01763203201811364
1281.908106136338	0.01752197491344366
1288.0327027526694	0.017408001184736045
1293.434009434296	0.017308608941275717
1298.5593531869893	0.017215252172746696
1304.6839498033212	0.017104898427817063
1311.0978623935343	0.016990714846194542
1317.660883985672	0.016875316401847498
1325.0651474095582	0.016746842665116033
1332.7475992698694	0.016615428671963948
1340.1563137087387	0.016490481071371306
1347.1343924337787	0.016374366928420214
1354.1102456513274	0.01625978450202986
1360.947004664907	0.016148910664826256
1367.6446694745173	0.016041635179563446
1374.340108776636	0.015935700412826895
1381.1768677902157	0.015828852869022452
1388.581131214102	0.01571461736937573
1396.4104665688455	0.015595467884797055
1404.1018204591226	0.01548003217022101
1412.2204717877482	0.015359884419537445
1420.3391231163737	0.01524144897209379
1428.4588871845017	0.015124675490833685
1437.1472684309256	0.015001545196402165
1444.6950771022507	0.014896076376638543
1450.3923762802335	0.014817371178649827
1455.3775130609688	0.014749133801764939
1461.6445421567496	0.014664172066661907
1469.3358960470266	0.014561133852088968
1477.1696824167532	0.014457560019732616
1484.7186038275804	0.014359038946022742
1491.9826602795088	0.014265406356535813
1499.9588791286849	0.014163892973390586
1507.9350979778608	0.014063714479499357
1515.0567219503394	0.013975377158310825
1519.3296963338266	0.013922868852589115
1523.7473287042549	0.013868967749539322
1531.5833405814726	0.013774308008259455
1540.1270638409558	0.01367246191458241
1547.9586247031907	0.013580331112956001
1555.2226811551188	0.013495905897537904
1564.195927360442	0.013392958968682332
1574.1439458469981	0.013280529879121176
1584.399084367367	0.013166461606317133