 t [day]	Mdot [M_\odot yr^-1]
2.8121159230509916	0.01614711329374409
3.8247218316377958	0.11095659484377102
4.570266841256652	0.2535616241024455
5.471597375216503	0.38704807511430617
6.804676362507873	0.6165896759897549
7.407788892677156	0.7907755595464542
8.618464967998522	1.203314481239848
9.584335219265935	1.5715230207379371
10.679284905034525	2.028584141353365
11.533879781731956	2.4137888011298294
12.566515257741356	2.906796273266781
13.082832995746058	3.161370147010327
13.861760617735909	3.550694789557937
15.40181180178441	4.316329553789117
16.519016562466994	4.846941639094088
17.658476398063573	5.350566133275144
18.797936233660156	5.807848213297838
19.719296335099575	6.142007221986467
21.134719099629706	6.597562630351649
21.63768379268601	6.744684052858767
22.514533744297434	6.985708267652286
23.558296757763834	7.250402647261138
24.377283514598876	7.442101611782924
25.478909722841664	7.673693904228508
26.68068376819743	7.877196006527129
28.056047397882363	8.015313048055836
28.981858514304584	8.034221979950413
30.143573424815163	7.964267304822354
30.686597252716656	7.8965500569957845
31.714781713743253	7.713747339519575
32.60721021779449	7.506615503305513
33.70215990356307	7.207439066539153
34.36758664349154	7.00898851694843
35.30007428238797	6.718378073581623
36.25036598121557	6.4152074616534955
37.21178521750019	6.108451047378558
38.224391126087	5.791124519021043
39.221418482234	5.488495005860607
40.2785345406488	5.181137949024798
41.55152482572935	4.831833270431684
42.76887742352492	4.520155603780419
44.82747185306952	4.042657775329314
44.9253941826911	4.0214523892755905
46.874938745157124	3.6261807472396246
49.18056450624707	3.219863268875849
49.665725139372185	3.1420241780030893
50.58263422582881	3.001612571704719
52.955025211660754	2.6755798298517277
53.05294754128233	2.6631877160630757
54.30813376643168	2.511169831033146
55.340769242441084	2.395061785543858
56.35560065851929	2.2882124563565864
57.27250974640023	2.1974184983725364
58.17161477435	2.11332231807708
59.146387055583006	2.0272981339138894
60.232434711385984	1.9373156369915374
61.095931618049015	1.8698723028224231
61.91491837488405	1.8090392553338708
62.84072949130628	1.7437172385662498
63.784344667659695	1.6806629174601408
64.8392352185831	1.6140962195978084
65.88967475452368	1.551635044861706
66.8867021106707	1.4956285023734888
67.84812134695531	1.4444388261823966
69.07215046722507	1.3829821688882082
70.85255646034473	1.3003741103415396
71.59142494748939	1.268259185995272
74.00387506816652	1.1713340090735567
73.86589360369975	1.1765713636181092
75.02760851421033	1.1335530510319616
76.25608864946288	1.0905968904055099
77.69376648890702	1.0433773506478679
81.42371704449269	0.934340410673457
81.42371704449269	0.934340410673457
82.68780529960765	0.9012638073489337
83.72044077561704	0.8755354146973334
84.61954580214247	0.8540238583572501
85.60767112832387	0.8312866949341269
86.56909036460848	0.8100259896895197
87.65513802041148	0.7869764281928264
88.68777349642087	0.7659604271251741
89.44444604349674	0.7510897772892602
90.49488557943732	0.7311512863792438
91.41179466589395	0.7143867152358997
92.29309563248817	0.6988080251536811
93.36133922835997	0.6805942498074412
94.2159341050574	0.6665272267679334
95.15954928141083	0.6514911905623625
96.31681317693861	0.6337284230872156
97.42956692263839	0.6173173822166057
98.52451660840698	0.6017753922949116
99.4503277248292	0.5890810645599496
100.34053072138903	0.5772441131294476
101.55120679671039	0.561700437526948
102.77968693196296	0.5465496131191897
104.70252540453218	0.5240135133679767
105.52151216136723	0.5148268429016201
106.44732327778944	0.5047230562040699
107.27521206459008	0.4959315866973653
108.54820234967063	0.4828437228060543
109.42060128629927	0.47416334696361195
110.61347330168944	0.46265759471356915
112.10011230594435	0.44887838913338984
113.51553507047448	0.4363061842915899
116.5244211988467	0.4112219567610822
116.96062066716101	0.4077595707505619
118.43835764145032	0.39633770013220426
119.71134792653088	0.38686479139533003
121.1534767809578	0.3765224594186553
121.99916962768964	0.37064172130297707
123.12082540335501	0.36304370797922986
123.89530201036207	0.357927407609322
125.07036996582104	0.3503602998731847
126.17422168155524	0.343459083586179
127.3136815171518	0.33653776570231475
128.2929048133676	0.33074821908262675
129.04067533047788	0.32642261213749535
130.12672298628087	0.32028292014988763
131.4620274811206	0.31295788326916973
132.22760205816206	0.3088656871437132
133.17121723451547	0.30392610016647253
134.34628518997445	0.29793098189222134
135.1830760067407	0.29376399036618317
136.26912366254368	0.2884785270310042
137.47979973786505	0.2827447185031519
138.42341491421845	0.27838753652779563
139.42044227036547	0.27388675066485085
140.57770616589323	0.26879124833252055
141.89520660080177	0.26315263239605363
142.78540959736162	0.2594374056684741
143.55098417440306	0.25630157806632226
144.88628866924282	0.2509594647642151
146.48865406305052	0.24475504103282403
147.4678773592663	0.24107001299489839
148.5895331349317	0.23694484339223904
149.51534425135392	0.2336148648462237
150.45895942770733	0.23028862861600735
151.6874395629599	0.22605784180824404
152.239365420827	0.22419281097718904
153.89514299442826	0.2187265820943041
154.60730539167614	0.216433392973514
155.97821800637826	0.21211373080989177
158.15031331798423	0.20551528939456065
160.48264516897098	0.1987484075487615
162.22744304222823	0.19389015866231618
163.1532541586505	0.19138018489485356
164.0968693350039	0.18886887910745234
165.52119412949963	0.18516547997956406
166.50041742571543	0.18267857381659702
167.639877261312	0.1798436342472717
168.99298581608295	0.1765570952144465
170.2570740711979	0.1735627920040735
171.64579074583125	0.17035517214227408
172.8742708810838	0.16758690207413332
174.15616319612994	0.16476541325865035
175.65170423035048	0.16155758924947983
177.25406962415815	0.15821746809790901
177.96623202140603	0.15676416489677913
179.1056918570026	0.1544777365249312
179.99589485356242	0.15272403349945
181.6694764870949	0.14950221969009436
181.88312520626926	0.14909783566952117
183.23623376104018	0.14657218008637551
184.6605585555359	0.14397824071634396
185.69319403154532	0.14213790951872526
187.01069446645386	0.1398376694875289
187.50920814452738	0.1389809791294999
188.68427609998633	0.13699067742444135
189.64569533627096	0.13539199255001488
190.64272269241798	0.13376172375208073
192.13826372663848	0.13136774035476217
192.77920988416153	0.13036020789126115
193.38454792182222	0.12941861837537952
194.34596715810684	0.12794274117643722
195.30738639439144	0.1264904698250012
196.48245434985043	0.12474682322317843
197.6575223053094	0.12303685692758164
199.1174552196675	0.12095801789751759
200.32813129498888	0.11927145399202918
201.3073545912047	0.11793146676515115
202.3755981870765	0.11649373559606607
203.4972539627419	0.11501056448814848
204.56549755861366	0.11362264699609499
205.954214233247	0.11185340043891456
207.129282188706	0.11038653081808437
210.79691853453247	0.10597874762582657
213.07583820572563	0.10336405299200987
213.6455681235239	0.10272461033325389
214.92746043857005	0.10130611695453372
215.85327155499226	0.10029877466064854
218.7731373837085	0.09721277026606592
219.55651602068116	0.09640763346092704
221.26570577407603	0.09468332851439432
222.90367928774612	0.0930714284329774
224.89773400004012	0.09116091037909356
224.68408528086576	0.09136294658272878
226.89178871233415	0.08930528886963654
226.96300495205895	0.08924000645760517
228.1736810273803	0.08814043854060466
229.8116545410504	0.08668300454364028
231.94814173279397	0.08483265040272557
233.01638532866576	0.08392834627762594
234.4407101231615	0.08274365238042779
235.2953049998589	0.08204414944323266
236.11429175669397	0.08138160736837038
237.32496783201535	0.08041596786344661
240.92138793811708	0.07764115595624833
242.70179393123672	0.07631739381369036
244.9807136024299	0.07466908687038293
247.25963327362305	0.07307068282606632
249.5385529448162	0.07152025640018764
250.82044525986234	0.07066853299229088
251.39017517766064	0.07029459248812221
254.7373384447256	0.06815325328105136
256.3753119583957	0.06713891039882276
257.37233931454267	0.06653192289954923
258.1557179515153	0.06606044195335757
259.2951777871119	0.06538305751049034
260.3634213829837	0.06475691047562386
263.71058465004865	0.06284910135151792
265.4909906431683	0.0618666353463222
267.7699103143615	0.06064055441968974
270.0488299855546	0.059448640313897363
272.32774965674776	0.05828967847844737
274.60666932794095	0.057162506651570015
276.88558899913414	0.0560660122202587
279.1645086703273	0.054999129733265734
281.4434283415204	0.05396083855702595
283.72234801271355	0.052950160665243565
286.00126768390675	0.051966158553524586
288.2801873550999	0.051007933271071774
290.5591070262931	0.05007462256202268
292.8380266974862	0.04916539910953046
295.1169463686794	0.048279468876187025
297.39586603987254	0.047416069534817466
299.6747857110657	0.0465744689840899
301.9537053822589	0.04575396394377757
304.232625053452	0.0449538786248453
306.5115447246452	0.04417356346986883
308.79046439583834	0.04341239395958647
311.0693840670315	0.04266976948167783
313.3483037382247	0.04194511225810007
315.62722340941787	0.041237866327573355
317.906143080611	0.040547496580015836
320.18506275180414	0.039873487839933205
322.4639824229973	0.03921534399598008
324.74290209419047	0.03857258717405295
327.0218217653836	0.03794475695147812
329.30074143657674	0.037331409609983865
331.57966110776994	0.03673211742530124
333.8585807789631	0.03614646799137404
336.1375004501562	0.035574063577274884
338.4164201213494	0.035014520515044924
340.69533979254254	0.0344674686167813
342.9742594637357	0.033932550619402944
345.2531791349289	0.033409421655606335
347.53209880612206	0.0328977487496288
349.8110184773152	0.03239721033650106
352.0899381485084	0.03190749580356372
354.36885781970153	0.031428305053081314
356.64777749089467	0.030959348084863142
358.92669716208786	0.030500344597861138
361.205616833281	0.03005102360976952
363.48453650447414	0.029611123093715233
365.76345617566733	0.029180389631169593
368.04237584686047	0.02875857808027103
370.3212955180536	0.028345451258782045
372.60021518924674	0.027940779640960294
374.87913486043993	0.027544341067649674
377.1580545316331	0.027155920468947745
379.4369742028263	0.026775309598831957
381.71589387401946	0.026402306781163357
383.9948135452126	0.026036716666525656
386.2737332164058	0.025678349999364716
388.5526528875989	0.025327023394956724
390.83157255879206	0.024982559125719134
393.1104922299852	0.024644784916436284
395.3894119011784	0.02431353374797662
397.6683315723715	0.023988643669103808
399.94725124356466	0.023669957616009294
402.22617091475786	0.023357323239206113
404.505090585951	0.023050592737448538
406.78401025714413	0.02274962269835548
409.0629299283374	0.022454273945432417
411.3418495995305	0.022164411391203728
413.62076927072366	0.021879903896181205
415.89968894191685	0.021600624133403724
418.17860861311	0.02132644845830562
420.4575282843031	0.021057256783674743
422.7364479554963	0.020792932459476027
425.01536762668945	0.020533362157327678
427.2942872978826	0.02027843575942848
429.5732069690758	0.020028046251741316
431.8521266402689	0.019782089621249957
434.13104631146206	0.019540464757113865
436.4099659826552	0.019303073355556487
438.6888856538484	0.019069819828323887
440.9678053250416	0.018840611214568447
443.2467249962348	0.018615357096007677
445.5256446674279	0.018393969515226028
447.80456433862105	0.018176362896984096
450.08348400981424	0.017962453972415013
452.3624036810074	0.01775216170598461
454.6413233522005	0.01754540722510439
456.63537806449455	0.01736733873652667
464.32673195477145	0.016704422422157462
478.14268246137993	0.015602305955268445
493.3829577624841	0.014504655386453602
509.3353954608363	0.01347167335063706
526.427292994785	0.012479303800261127
544.6586503643302	0.011533701916871307
564.0294675637748	0.010639066779824216
585.6792044344126	0.009754042651594848
608.4684011463441	0.008933871393628334
632.3970576938723	0.008176779347579453
658.6046339125936	0.007450670758869852
688.2305896381048	0.006738287097783275
721.2749248704056	0.006055775910604756
757.3103421711473	0.0054213881943891715
798.3308962526241	0.004811662600814575
845.4760469504326	0.0042282251165866105
899.030659223472	0.0036840936699885627
959.4220305100908	0.0031864073208876893
1028.929080481482	0.002728001698627767
1112.1096484800323	0.0022977283826428998