 t [day]	Mdot [M_\odot yr^-1]
5.222529977017747	0.014179555588238867
6.437657067321911	0.0422993332395603
8.20471001549317	0.10836264689541904
10.799651750465069	0.29636652201449937
12.33970293451357	0.558842853409755
13.256612020970191	0.7570942640853152
14.92129162453707	1.174923376789919
16.238792059445615	1.5484351982459936
17.778843243494116	2.0251644472170494
18.84931234685731	2.3780327425528696
20.215773946576647	2.84377066984037
21.971699357290905	3.4223905484660757
24.437561657761627	3.9848198918782796
25.648237733082993	4.06468051135555
25.795121227515367	4.064432233862666
27.41751618874565	3.9348183149433638
28.56587805430783	3.735838417330383
30.829219173061194	3.232672162428691
31.918605090101284	2.984206640778225
33.13150667291405	2.722425610574401
34.35664854692951	2.480199409276211
35.73201217661445	2.237003297186256
37.147434941144574	2.01716047518163
38.38036609137993	1.848424446720152
39.51537491199372	1.7096856252622619
40.73940403226348	1.5757696333443274
41.97456068999024	1.455113995042294
43.31431619981278	1.3385216637661888
44.7898276666107	1.2249276297505032
46.16741680378703	1.130908991938044
47.57616304584296	1.0450974823509196
50.72970716115615	0.8840039472602527
50.930002835382105	0.8750061751169924
52.465603004447814	0.8101998894696605
53.854319679081144	0.7573720201130721
55.1184079341961	0.7134860231819975
56.37359416076978	0.6734377167268657
57.61097632741225	0.6370458413163987
58.719279058129246	0.6068021842114592
59.867640923691425	0.5775947331847404
61.363181957911934	0.5424949954363271
62.50264179350851	0.517771914677266
63.86020136326225	0.4903743305734211
65.32013427762037	0.4631720974872663
66.83347937177209	0.437199707458774
68.30231431609579	0.413939212752118
69.70883505066033	0.39328907881780356
71.3423575493476	0.37110565562709974
74.51148021710058	0.33288426253780967
76.71918364856896	0.30949340146766724
77.19099123674567	0.30479922652295766
78.15241047303029	0.29554211884443665
79.44320481804203	0.2837301039129136
80.90313773240015	0.27116244857245725
82.02479350806553	0.26203697387635433
83.2354695833869	0.2526684644825177
84.7488146775386	0.24161206748533332
86.53812270062386	0.22940356197221368
88.23841042405314	0.21859596851314844
89.4490864993745	0.21133455704119467
90.84670520397343	0.20336883908393577
92.39565841798753	0.19502734270212618
94.07814208148561	0.18650385069813638
96.80216325095869	0.1737811230263187
96.73984904119949	0.1740582827085714
98.49354894442234	0.16648985242515738
100.54101583650996	0.15822769927035932
101.95643860104009	0.15285005563017837
103.24723294605184	0.14816764100307872
104.65375368061636	0.14329214218741324
105.87333178590333	0.13924550529056726
107.13742004101829	0.13521888754760492
108.40150829613324	0.13135420304267803
109.86144121049135	0.12708140653272526
111.39259036457425	0.122807280424654
112.74569891934519	0.11919654015076228
113.84955063507938	0.11636055607341798
115.48752414874947	0.11232430126600829
117.01867330283237	0.10872704844088373
118.37178185760331	0.10568145012385395
119.9029310116862	0.10237780561372413
121.00678272742039	0.10008549890861114
122.18185068287937	0.09772379640607821
124.78124343283406	0.09277042112146663
126.15215604753621	0.0902993080093214
127.8079336211375	0.08743634526367951
128.96519751666526	0.08551056552643153
129.83759645329388	0.08409801413899266
131.01266440875287	0.08224671364616072
132.29455672379902	0.08029179157052707
133.77229369808833	0.07811830179817679
135.23222661244642	0.07605135336918788
136.638747347011	0.07413201209838323
138.0274640216443	0.07230311637202118
139.84347813462634	0.07000582863076087
140.34199181269986	0.06939317407103429
141.51705976815882	0.0679785744221645
142.87016832292977	0.06639937216452628
144.86422303522377	0.06416468029992624
146.50219654889386	0.06240739103040016
148.28260254201354	0.06057312778518396
149.4220623776101	0.05943878465077929
150.88199529196822	0.058028620366379194
152.0214551275648	0.05696050313955374
153.19652308302375	0.05588775982843991
155.0481453158682	0.05425426926205101
155.90274019256563	0.053522962740154736
157.1846325076118	0.052451774121096716
157.89679490485966	0.05186967448935417
159.10747098018103	0.050900787551586515
160.53179577467677	0.04979323464008426
162.3122017677964	0.04845594225466994
163.59409408284256	0.047524213041724564
164.94720263761351	0.04656786693888771
167.15490606908187	0.04506480049015186
169.29139326082546	0.04367449348085063
170.50206933614683	0.0429133624093181
172.2112590895417	0.041870288358886024
174.06288132238612	0.04078017289969882
175.77207107578099	0.03980909241118588
177.9085582675246	0.03864048495220538
178.90558562367158	0.038111648163822114
179.68896426064424	0.03770326696659578
180.9708565756904	0.03704820708295717
182.68004632908526	0.036199502917140206
184.03315488385618	0.0355469380654491
184.81653352082884	0.035176702206315566
186.38329079477415	0.0344523822757119
187.95004806871944	0.033748932195269137
190.72748141798613	0.032550845737616976
192.50788741110577	0.0318142052016415
192.436671171381	0.03184321667390243
194.00342844532625	0.031213487212306906
195.07167204119807	0.030794164746022215
196.4959968356938	0.0302473408675221
197.84910539046473	0.029740474683136068
199.41586266441	0.02916843802171934
200.84018745890575	0.028661799733612475
202.26451225340145	0.028167505053179092
203.1547152499613	0.02786466760301563
204.6502562841818	0.02736616621376359
205.8965404793656	0.026960322023333705
208.31789263000832	0.026195790797815033
208.8164063080818	0.026042198987686425
209.92025802381602	0.02570660256041472
211.41579905803653	0.025261597724288643
213.23181317101853	0.024735740081071288
215.51073284221172	0.024097483021850698
217.57600379423053	0.023538996474788267
218.7154636298271	0.023238677092404247
220.2110046640476	0.022852669967326763
221.70654569826812	0.022475671259206575
223.20208673248865	0.022107411789466923
226.9765474379023	0.02121514021734647
227.33262863652624	0.02113360924306413
228.61452095157236	0.020843741549384367
229.89641326661854	0.020559469377144236
231.89046797891254	0.020128065257914343
232.46019789671084	0.020007161725762213
233.38600901313308	0.019812875914264384
235.8073611637758	0.019317203119269308
236.44830732129887	0.019188937243112558
238.4423620307442	0.018797514314771103
241.291011616887	0.01825768642742512
244.63817488395196	0.017651032208098705
248.34141934964086	0.01701259137583587
251.97344757560495	0.016417752525983605
255.67669204129385	0.015841149979399467
259.8072339453314	0.015231309861009616
264.0802083288186	0.014634885263790193
268.3531827123058	0.01407104528606376
272.48372461634335	0.01355484481332473
276.4718340409314	0.013081568162023565
281.1721058627673	0.012553332065002523
286.58454008185106	0.011981796471305798
291.9969743009348	0.01144650247729233
297.6942734789177	0.010918986701023151
304.24616753359805	0.010354033994166982
310.5131966293792	0.009851715772778196
316.2104958073621	0.009424580914424168
321.90779498534505	0.009023286120481798
328.74455399892446	0.008573057006684648
336.15104293030225	0.008120508781877901
344.1272617794783	0.0076702087764968065
353.242940464251	0.00719785639733286
361.21915931342704	0.0068177757890815205
370.33483799819965	0.006417434630537522
379.73538164187147	0.00603872270309545
388.8510603266441	0.0057011472406340155
399.3910638059124	0.005343356408728888
410.78566216187824	0.004991467772627784
422.74999043564236	0.004656455598226154
434.1445887916081	0.004366391100929666
447.8181068187671	0.004051154371005882
463.77054451711916	0.0037228383281354403
479.72298221547135	0.003431159290210393
496.8148797494201	0.003153490254643182
516.1856969545619	0.0028759718056739505
536.6959739953003	0.0026185773410559946
558.345710865938	0.0023810893443182695
582.274367407769	0.0021527935373792735
609.6214034620868	0.001928289525975326