 t [day]	Mdot [M_\odot yr^-1]
17.01385621923148	0.07413383379547486
18.224532294552848	0.19322371116645506
19.493071564650602	0.29797757718273915
20.823925044507543	0.40372714263795817
22.092464314605298	0.5071799669081871
23.28533632999547	0.6078099755000559
24.56722864504162	0.7164980831953143
25.920337199812558	0.8243457937996574
27.126562260151125	0.9056594973140918
28.368395440352085	0.9658399160638553
29.68589587526063	0.9967666342957251
30.8809933981422	0.9944540619160188
32.16511122067975	0.9645218863100153
33.43810150576031	0.915397661455804
34.70886628334946	0.8563721959695487
35.968503523481616	0.7954115251053406
37.24371931605357	0.7360933854146055
38.52116061611692	0.6816570794145137
39.79637640868887	0.6332108753165558
41.08049423122643	0.5903269507805071
42.36016103878118	0.5529542674447573
43.67988698118112	0.5192802018780424
44.95732828124447	0.4906729813537196
46.274828716153024	0.4646001919979968
47.53891697126798	0.4423145621693416
48.90092755600451	0.4207894923050948
50.36086047036263	0.40009407765682464
51.74957714499596	0.3823058244178622
53.6011993778404	0.3609591319772227
54.77626733329938	0.3485961954673546
56.2362002476575	0.33432492860888474
57.83856564203492	0.3198678305070591
59.191674197375576	0.30851719139726097
60.473566512421726	0.2984051798108402
62.07593190622942	0.2865491293773711
63.607081060312325	0.2759497230018589
64.88897337535847	0.2675708958982737
66.45573064930377	0.25788750088043516
67.77323108421233	0.2501805874252885
69.16194775884566	0.24245402058174875
70.58627255334137	0.23492159596839784
72.15302982728667	0.22706078197102117
73.64857086150718	0.21994228877904112
75.60701745393881	0.2111449272634619
78.09958584430632	0.20073320292689875
79.2746537997653	0.19610512514644915
80.55654611481144	0.1912469658453989
82.40816834765589	0.18456025413740976
83.61884442297725	0.18038716682701209
84.82952049829862	0.1763625726146922
86.75235897086785	0.17025872883476487
88.67519744343709	0.16448603855191718
90.52681967628152	0.15921812909476904
92.59209062830031	0.1536553897442332
94.12323978238322	0.14973049272235886
96.61580817275073	0.1436781380016837
98.07574108710885	0.14031479344428172
100.71074195692596	0.13455866567695593
101.9926342719721	0.1318958117787916
103.55939154591739	0.12875592620047902
105.83831121711056	0.12440146730404064
106.83533857325756	0.12257147312623143
109.11425824445072	0.11855007110633611
111.25074543619431	0.11497240057795823
112.95993518958917	0.11223578978410859
115.23885486078233	0.10874967427812034
117.80263949087464	0.10503544040459795
119.65426172371907	0.10248059388187988
121.29223523738916	0.10030447844982754
122.85899251133446	0.09829308614917788
124.92426346335327	0.09574115304328779
126.7758856961977	0.09354437525496467
129.62453528518915	0.0903224662106437
132.18831991528145	0.0875754243652199
134.46723958647462	0.08524666298660331
135.89156438097035	0.08384220753606676
138.17048405216352	0.08167243485377695
142.15859347675152	0.07808944702634857
142.72832339454982	0.07759854595596766
147.00129777803699	0.07407163242576557
148.14075761363358	0.07317501246055447
150.41967728482672	0.07143377724878885
153.83805679161648	0.068944941800442
156.11697646280962	0.0673626596739271
157.25643629840621	0.06659338559974291
158.8231935723515	0.06555853188195887
160.81724828464553	0.06427843524499331
165.23265514758225	0.061582786199016845
167.22670985987628	0.06042430571143107
167.65400729822503	0.060180594138428335
171.92698168171216	0.05782737507625913
174.3483338323549	0.05655827389161121
174.63319879125405	0.05641188314828707
176.76968598299763	0.055332872441467076
181.18509284593438	0.05320394681583358
183.46401251712754	0.05215536301405026
185.74293218832068	0.05113899987166543
188.02185185951387	0.05015346235302565
190.30077153070704	0.04919743383033638
191.72509632520274	0.048614345591096904
193.00698864024892	0.04809876541649412
196.71023310593776	0.04665637856637574
198.27699037988307	0.04606636624808637
201.1256399688745	0.04502296322689777
201.98023484557197	0.04471709900660992
205.96834427015997	0.04333148830363867
206.82293914685744	0.04304322950570897
209.10185881805057	0.04228888085631328
213.0899682426386	0.041017001386484606
215.36888791383177	0.040316494562836064
217.07807766722664	0.0398031193208332
217.93267254392407	0.039550190241691596
221.9207819685121	0.038401845674438856
223.91483668080613	0.037846730401230176
224.76943155750354	0.0376125753830865
226.76348626979757	0.03707474991841352
231.03646065328473	0.035961070681350994
233.60024528337703	0.03531715007640025
235.87916495457023	0.03475938421343357
237.0186247901668	0.03448550651248046
240.43700429695653	0.03368323686294108
242.71592396814967	0.033164002195791784
244.99484363934283	0.03265678818089691
247.273763310536	0.032161211956399344
249.55268298172916	0.03167690652788455
251.83160265292233	0.031203519952487265
254.1105223241155	0.030740714572845503
256.38944199530863	0.03028816629741642
258.66836166650177	0.02984556392390793
260.94728133769496	0.02941260850290013
263.2262010088881	0.028989012738894582
265.5051206800813	0.028574500426267354
267.7840403512744	0.028168805917774653
270.0629600224676	0.027771673623462306
272.34187969366076	0.027382857537973863
274.0510694470556	0.027096560164076286
274.90566432375306	0.026955085325023356
278.89377374834106	0.02630922780293525
281.4575583784334	0.025906146335323253
282.59701821402996	0.025729947147789287
284.3062079674248	0.0254689760267962
288.2943173920129	0.0248751519348579
289.4337772276094	0.024709268127684984
292.85215673439916	0.024221361444803715
295.13107640559235	0.02390399615230498
297.4099960767855	0.02359276186766057
299.6889157479787	0.023287498892032812
301.9678354191718	0.022988052862690886
304.24675509036496	0.022694274532381938
306.52567476155815	0.02240601955966292
308.8045944327513	0.02212314830950352
311.0835141039444	0.021845525663616697
313.3624337751376	0.02157302083996383
315.64135344633075	0.02130550722087614
317.9202731175239	0.021042862189365606
319.0597329531205	0.020913328131538678
322.4781124599103	0.02053170649587165
323.04784237770855	0.020469102409385955
327.0359518022966	0.020038647088683983
329.31487147348975	0.01979863524208747
331.5937911446829	0.019562832048727594
333.8727108158761	0.019331138910412007
336.1516304870692	0.01910346016519889
337.2910903226658	0.01899109707197027
340.1397399116573	0.018714404309670706
340.99433478835465	0.018632551544635216
344.9824442129427	0.0182574408352478
347.54622884303495	0.01802212654372097
349.82514851422815	0.01781667671158388
352.10406818542134	0.017614645386004435
354.38298785661453	0.01741595689116612
356.66190752780767	0.01722053767080951
358.9408271990008	0.017028316215521085
361.219746870194	0.016839222992994597
363.49866654138714	0.016653190381128672
365.7775862125803	0.016470152603834897
368.0565058837734	0.01629004566940967
370.3354255549666	0.016112807311372518
372.61434522615974	0.01593837693163505
373.75380506175634	0.015852196239447697
376.6024546507478	0.015639703933165584
377.45704952744524	0.015576768454681183
381.44515895203324	0.015287910913680817
384.0089435821256	0.015106333858395759
386.28786325331873	0.01494756560006761
388.56678292451187	0.01479122351901558
390.84570259570506	0.014637258566181876
393.1246222668982	0.014485622938671783
395.40354193809134	0.014336270041232682
397.68246160928453	0.014189154449137193
399.96138128047767	0.01404423187242652
402.2403009516708	0.013901459121455085
404.519220622864	0.013760794073669171
406.79814029405713	0.013622195641587655
409.07705996525027	0.01348562374191523
411.3559796364434	0.013351039265748958
413.6348993076366	0.013218404049841192
415.9138189788298	0.013087680848859437
418.192738650023	0.012958833308613485
420.4716583212161	0.012831825940214451
422.75057799240926	0.012706624095109404
425.02949766360246	0.01258319394098056
427.3084173347956	0.01246150243845728
429.58733700598873	0.012341517318613713
431.29652675938365	0.012252629303431021
432.15112163608103	0.012208534501424607
436.1392310606691	0.012005782942907663
438.70301569076133	0.011878021055636585
440.9819353619545	0.011766109298753845
443.26085503314766	0.011655725321988691
445.5397747043408	0.0115468416794581
447.81869437553405	0.01143943154060943
450.0976140467272	0.011333468673556335
452.3765337179203	0.01122892742895744
454.6554533891135	0.011125782724403987
456.93437306030665	0.011024010029291896
459.2132927314998	0.010923585350187203
461.492212402693	0.010824485216631048
463.7711320738861	0.010726686667406251
466.05005174507926	0.010630167237206266
468.32897141627245	0.0105349049437384
470.6078910874656	0.010440878275202632
472.8868107586587	0.010348066178171033
475.16573042985186	0.010256448045814768
477.44465010104506	0.010166003706504695
479.72356977223825	0.010076713412745701
482.00248944343144	0.009988557830443156
484.2814091146246	0.009901518028487127
494.5365476349938	0.009523158521777918
512.7679050045391	0.008900531094813011
532.1387222096809	0.00830169400156675
553.7884590860159	0.007699189967498105
576.5776557950987	0.007131132261785664
600.5063123397783	0.0065977924765809924
626.7138885584997	0.006077519724691731
655.2003844484142	0.005576813033699546
685.9658000095218	0.005100476612614037
719.0101352418227	0.004651785531320559
755.4728499809132	0.004220099006711824
796.4934040623901	0.0038005004700014293
842.0717974862532	0.0034015943609150582
893.3474900880993	0.0030214193839056165
951.4599417035247	0.002660669942012614
1017.5486121681264	0.002321560310984613
1093.8924211530973	0.002002561010723332