 t [day]	Mdot [M_\odot yr^-1]
4.766673946420613	0.06446220592389514
6.728458800032361	0.1869810522084274
8.199519251790504	0.39269899616555226
9.82413972051219	0.7292179655149083
11.555584548821054	1.188404263019214
13.22916618235353	1.6973469924904454
15.14310262495716	2.32065466944307
16.876772960757425	2.9031778662042886
18.50584444446191	3.459717006256499
20.72467541338728	4.209613311230231
22.03549932582163	4.605485249406359
23.699066175642805	4.964902155247721
25.352618241752687	5.073731469337956
26.97501320298297	4.926206574762282
29.302894038986917	4.431956192277017
30.617056212658362	4.09858380397833
32.5120758415851	3.6280250005131847
34.72200478054487	3.139467009085847
36.6147989019802	2.7821571084635
38.25054690815889	2.51559861320649
40.04875696120974	2.2618616209060836
41.78242729701001	2.0504870689398733
43.464910960508085	1.8717450425536586
45.191904773834146	1.7111627319427043
46.789819152659035	1.5801728893731322
48.49233238357971	1.4564930601925967
50.18594358453478	1.3474094061518067
52.02198726493942	1.2425920856931563
53.73340252582569	1.1556971853620632
55.65624099839492	1.0687220686920715
57.516765262629285	0.9937934013365007
59.257112122328074	0.9307915330243687
60.86837954610136	0.8777958864478623
62.582020314479024	0.8263854158351805
64.2734060079427	0.7800693032178606
66.04045895611395	0.7358336581082211
67.48258781054088	0.7025383758888292
69.09385523431416	0.6680134727029875
70.75408382289825	0.635102663513384
72.42766545643072	0.6043880812468297
74.1012470899632	0.5758993750979641
75.92171221792805	0.5471864867267862
77.44841035702815	0.5247628529978212
79.16650214038862	0.5011668038347851
81.01812437323306	0.477503205364645
82.4290961227804	0.4605941537081936
84.18724704098605	0.4407675059786771
85.9409469442089	0.4222525310389465
87.64568568262096	0.4053597966167195
89.5774261851558	0.38742237796413476
91.6515991671402	0.3694622322547613
93.40529907036307	0.35523625520229996
95.35484363282909	0.34036575414008374
97.09964150608634	0.3278339947147393
99.06699012848357	0.314514214767619
101.18567326029596	0.3010538797785349
103.0640015830372	0.28982600503590444
104.89781975595044	0.2794548925803483
106.6871277790357	0.2698582022125685
108.41412159236177	0.26105222443126297
110.15001743565342	0.25262326399810164
111.96603154863547	0.24422937063680783
113.3369441633376	0.23816304115288087
115.25533162092403	0.23004089993718813
117.0268355840781	0.2228982696185808
118.59804387300619	0.21683327963277274
120.2360173866763	0.21076568340293522
122.19446397910791	0.20383322876937204
123.73451516315642	0.1986144961469638
125.3902927367577	0.1932194591559331
127.12618858004936	0.1877909722840771
128.9422026930314	0.18234772747385894
130.96296349522223	0.1765579758999112
133.2151770765186	0.17041637676551663
134.99558306963823	0.1657796196116421
136.94512763210426	0.16091047510004758
139.3308716628846	0.1552304806264135
140.49703758837796	0.15255977841373294
142.31305170136002	0.14853205188679175
144.62757949241558	0.14361898062851583
145.41095812938823	0.14200948657860962
147.93913463961812	0.13699003666999882
149.16761477487069	0.13464345258329943
150.7521761087472	0.13170175699174066
152.772936910938	0.1280834142291731
154.53553884412645	0.12504354412495677
156.27143468741812	0.1221505807359908
158.22988127984974	0.11900134230937891
160.24174005207493	0.11588674597278042
161.91532168560744	0.11338458724098503
163.6245114390023	0.11090872330867388
166.27731636875058	0.10721745824746984
167.30995184475998	0.10582826941955666
169.16157407760443	0.10340130079596187
171.36927750907282	0.10061074036676211
172.33069674535741	0.09942919871405208
173.9508661990963	0.09748265080099831
175.69566407235357	0.09544687868328948
177.42265788567963	0.09349131394182109
179.34549635824885	0.09138076874722532
181.26833483081808	0.08933771572238594
183.1733692434561	0.08737736032525668
185.14961989581892	0.08540801427653757
187.23269490776894	0.08340009601363615
188.8350603015766	0.08190106049603482
190.5086419351091	0.08037607945940886
192.20002762857274	0.07887565331933695
193.94482550183002	0.07736929808079254
195.90327209426164	0.07572680264925204
197.50563748806934	0.07441959427681721
199.53530032022573	0.07280938983023608
201.2444900736206	0.0714915589758863
202.9714838869467	0.07019414409351697
204.60945740061675	0.0689942744934488
206.12280249476848	0.06791140122183624
208.18807344678726	0.06647210486725666
209.96847943990693	0.0652657972455865
211.85570979261377	0.06402070207192624
213.2444264672471	0.06312588314789846
215.20287305967872	0.06189377592535297
216.9832790527984	0.060803007348535304
219.11976624454195	0.05952964452579849
221.61233463490947	0.05809120398729601
223.7132137067907	0.056916666085825865
225.6538562392911	0.055861301837469776
227.39865411254837	0.054935883261677254
228.87639108683769	0.054168949968781265
231.3689594772052	0.052909175900073824
233.34521012956802	0.05193954034543997
235.9446028795227	0.050701908043542056
237.20869113463766	0.050115037413195895
239.20274584693163	0.04920856463368021
240.73389500101456	0.048528129504361625
243.36889587083166	0.04738782244885292
245.64781554202483	0.0464318119401396
247.60626213445641	0.045631796103636636
248.8169382097778	0.04514691670437362
251.16707412069573	0.04422616770802501
254.58545362748546	0.04293341535640687
257.1136301377154	0.0420112641477207
258.6447792917983	0.04146627316226002
260.8524827232667	0.040697820946137775
262.8109293156983	0.040032783418422285
265.01863274716663	0.039301277196645015
266.9770793395983	0.038667988521541796
268.68626909299314	0.03812695735316376
270.14620200735123	0.037673212473484506
272.42512167854443	0.0369799594098237
274.8464738291872	0.03626285598193995
275.91471742505894	0.03595268857455835
278.2648533359769	0.03528331124784188
280.75742172634443	0.03459233631202492
283.4636388358863	0.033863460381748256
286.1698559454282	0.03315596754117533
289.0185055344196	0.0324334572752633
290.5852628083649	0.032045471915997055
292.7217500001085	0.03152682439166792
295.4279671096504	0.030886634914312858
297.99175173974265	0.030296847610390545
299.84337397258713	0.02988067840128458
302.6920235615786	0.029255932889597044
304.25878083552385	0.028920117263570747
306.82256546561615	0.02838216813035687
309.10148513680934	0.02791571029274395
310.3833774518555	0.027658046248619523
312.2349996846999	0.027291722703688896
315.0836492736914	0.026741320980346445
315.9382441503888	0.026579240351551358
317.64743390378374	0.02625919153608764
319.57027237635293	0.025905566795667936
321.5643270886469	0.025545866597000675
323.6295980406657	0.02518066911361364
325.7660852324093	0.024810546073258385
327.9025724241529	0.02444801707027323
329.61176217754775	0.02416332756157387
331.6058168898418	0.02383703939690418
333.31500664323664	0.02356226768806905
335.7363587938794	0.0231805653830398
340.0093331773665	0.022527866685138256
341.0063605335136	0.02237929108824658
343.1428477252571	0.022065516955085934
345.849064834799	0.02167687263198612
347.843119547093	0.021396630960567268
349.62352554021265	0.021150698273015498
352.8994725675529	0.020708453403555347
354.537446081223	0.02049219395745356
356.6739332729665	0.02021485772490409
358.9528529441597	0.019924812939711517
360.8044751770041	0.019693441383933776
363.08339484819726	0.0194138293238422
365.50474699884	0.01912281961102622
368.2109641083819	0.018804781194787318
370.63231625902466	0.018526490540923604
372.6263709713187	0.018301640487636488
374.7628581630622	0.018064966598401434
378.89340006709983	0.017619455672900207
379.6767787040725	0.017536709910251455
383.2375906903118	0.017167403606713667
384.3058342861836	0.017058746965638236
388.2939437107716	0.016661538703495286
388.7212411491204	0.016619755359163085
392.5669180942588	0.016250258076572606
393.4215129709562	0.01616972072765882
395.7004326421494	0.015957683514842766
398.5490822311408	0.015698104172968786
400.2582719845357	0.015545204006783078
401.82502925848104	0.015406882266181346
404.1039489296742	0.015208763994317141
407.0950309981152	0.014954140320119408
408.80422075151	0.014811331830313587
411.65287034050147	0.014577556647712053
412.2226002582998	0.014531426554426153
414.501519929493	0.014348949858139781
416.4955746417869	0.014191922069833938
420.48368406637496	0.013885056618882705
422.477738778669	0.013735125373433155
422.9050362170177	0.013703294590442696
425.7536858060091	0.013493725408124619
427.60530803885365	0.013359923092141615
429.02963283334935	0.013258268826509852
433.01774225793736	0.012979378522731205
434.4420670524331	0.012881780794472317
435.8663918469288	0.012785215902302157
438.7150414359203	0.012595128908418676
441.2788260660126	0.012427444980292647
443.2728807783066	0.012299195889690336
445.83666540839886	0.012137034616870823
450.1096397918861	0.01187340635565425
450.67936970968435	0.011838868776014819
452.53099194252883	0.011727597066199809
455.6645064904194	0.011542632083743553
457.23126376436466	0.011451693263805735
461.2193731889527	0.011224734908718084
461.78910310675104	0.011192832587549262
464.0680227779442	0.011066497383444942
468.34099716143135	0.010834997147167744
470.61991683262454	0.010714323871587375
472.8988365038177	0.010595543370057626
475.1777561750108	0.010478617678620836
477.45667584620395	0.01036350975735179
479.73559551739714	0.010250183463939666
480.30532543519536	0.010222126117902132
484.2934348597834	0.010028735527051694
486.5723545309766	0.009920545861224515
487.71181436657315	0.009867070123654271
490.56046395556467	0.009735154225887827
491.4150588322621	0.009696066674842865
495.4031682568501	0.009516566853701006
497.9669528869424	0.009403651367691291
500.2458725581356	0.009304869414419218
502.52479222932874	0.009207551803998243
504.8037119005219	0.00911167075107911
507.08263157171507	0.009017199110267873
509.3615512429082	0.008924110358817494
511.64047091410134	0.008832378579857697
519.6166897632773	0.008521642986826275
534.4296676260329	0.007984394676133419
550.3821053243851	0.007458071704948473
566.3345430198885	0.006979729515630426
581.289953359245	0.0065699696350550235
598.3818508931937	0.006142388155610186
618.607262975033	0.005685909319428525
640.2569998513679	0.005249096623251885
663.1886290427491	0.0048368776446214585
687.1172855902773	0.00445436629492016
712.1854019734021	0.004098438186279776
738.9627081099218	0.003761601670476441