 t [day]	Mdot [M_\odot yr^-1]
9.029540115503593	0.135836973553892
11.210537457075171	0.3395360845506031
12.501331802086922	0.6412217374923082
13.845538326892262	1.1188083402587266
15.225352971559994	1.7804377644372138
16.551755436434135	2.564738829550706
18.568065223642147	3.980877217106942
20.94935823943969	5.885614257525048
22.890000771940112	7.528149010487465
24.701563869939363	9.052836603416532
26.197104904159872	10.223693439331132
27.737156088208373	11.234450001830943
28.987891298374933	11.824069798262821
30.363254928059863	12.169196324137758
31.807609289978185	12.176728960154453
33.414425698768675	11.819827044762885
34.792014835945004	11.296718174990657
36.23414369037193	10.623913787689746
37.72968472459244	9.865074336148197
39.07166574190638	9.174905999932893
41.0479163942692	8.192817448816388
43.85205583343265	6.931070317487519
48.83274159918489	5.137387893359216
51.296378392164215	4.446290128390795
53.57529806335738	3.904923637770967
54.37648076026122	3.7344730095122323
55.89872788323907	3.4362512639292127
57.92393969927321	3.086439350332923
59.134615774594586	2.9000669982005887
60.763687258299065	2.6730058335122755
62.121246828052804	2.5024294763689894
63.60343481732492	2.333396341084433
65.07672077663143	2.181252434473023
66.79036154500909	2.0218742037463135
68.62863073290515	1.8693073491298062
70.14642684203966	1.7558904024617927
71.63751686127736	1.654202108818718
73.40011879446581	1.5449941423638673
75.33631031198345	1.4370646862092522
79.28881161670908	1.2491550389558028
81.7591249321626	1.149795585778844
84.09145678314934	1.0663931738023595
85.3911531581267	1.023744228155564
87.10924494148718	0.9711122192736155
88.63149206560448	0.927722812336941
90.0647188900658	0.8894037042115776
91.6403781939767	0.8498692069189575
93.1448212581628	0.8144454755262804
94.99644349100724	0.7736897402025473
96.2160215962942	0.7484223844666431
97.97862352948266	0.713935756107537
99.47416456370317	0.6864176973226963
101.20115837702923	0.6564721242681726
102.63438520149056	0.633001377664668
105.661075389794	0.5871680620793942
108.01121130071192	0.554726847591763
109.47114421507004	0.5358238213410167
112.2752836542335	0.5019577352225435
112.84501357203179	0.4954434642303216
114.14470994700915	0.48101671544627106
116.20998089902794	0.4592687122829788
118.06160313187239	0.44091569194474395
119.61055634588648	0.42633654885868566
121.51559075852451	0.40930856331745524
122.88650337322665	0.39763423484949767
124.47106470710314	0.38470908200597526
126.2336666402916	0.3710075056387401
128.03187669334244	0.35771822292088357
129.74106644673734	0.3456925376524062
131.4680602600634	0.3341052706623176
132.8745809946279	0.3250639020566961
134.6193788678852	0.31431475867757847
136.25735238155528	0.3046691999475337
137.5392446966014	0.2974060618536163
139.76475218800098	0.2853590162621486
143.50360477355227	0.26660577396970125
145.15938234715355	0.25884905421630916
146.79735586082361	0.25148303224623814
149.14749177174158	0.24141780757039508
151.46201956279714	0.23204864200731085
153.49168239495353	0.22424732349491766
155.37891274766037	0.217320087974491
157.33735934009198	0.21044543399663665
158.45901511575735	0.20664531170413622
160.55989418763855	0.19978328570673026
161.78837432289114	0.1959187405968291
163.3551315968364	0.19114129032181207
164.8862807509193	0.18662968796051016
166.34621366527745	0.18246666905375003
167.87736281936034	0.1782401113189966
169.76459317206718	0.17321858104901156
170.93966112752616	0.1701925020176994
172.43520216174667	0.16644820999901982
174.3580406343159	0.1618032560387294
175.78236542881163	0.15848006011524668
177.06425774385778	0.15557127078227664
179.27196117532617	0.15073634528264293
181.62209708624408	0.14582040340861738
183.18885436018937	0.14266863859601114
184.86243599372187	0.13940777075724783
186.53601762725435	0.13625176758339258
189.135410377209	0.13154781028667906
190.3816945723928	0.12937409528812005
192.30453304496203	0.1261193471031692
194.4410202367056	0.12263793992202661
196.61311554831158	0.11923708833901152
198.74960274005517	0.11602151843601327
200.45879249345003	0.11353729121485671
204.3756856783133	0.10812288259981477
204.19764507900132	0.10836092142344543
206.69021346936884	0.10509508349247931
208.969133140562	0.10223065821399556
209.18278185973637	0.10196784950812282
211.1056203323056	0.09964535946389667
213.5269724829483	0.09682670793260488
215.2361622363432	0.09490511958954985
217.79994686643548	0.0921233485471029
220.292515256803	0.0895291464116481
221.43197509239957	0.08837788642882921
222.92751612662008	0.08689869432457552
224.77913835946455	0.0851158467323317
227.20049051010727	0.0828622938663494
227.77022042790554	0.08234445115143847
229.33697770185086	0.08094400564405803
231.04616745524572	0.07945474864944613
232.47049224974145	0.0782434371215345
234.32211448258587	0.07670782524892537
235.960087996256	0.07538505880608452
238.66630510579787	0.07327004400578911
240.5179273386423	0.07187148775116857
243.22414444818418	0.06989517003938432
245.28941540020296	0.06843879864454204
248.42292994809358	0.06631070955668442
249.84725474258929	0.06537458611742758
252.41103937268159	0.06373656766152598
254.54752656442517	0.06241601749568352
256.0430675986457	0.06151479320072244
258.0371223109397	0.06034184094294506
260.1736095026833	0.05912027641894172
261.3130693382799	0.05848319270403618
263.2359078108491	0.057430169535593566
265.3011787628679	0.05632908461372888
267.58009843406103	0.05514879469915022
269.78780186552945	0.054038820631943846
272.0667215367226	0.052926242613891394
273.6334788106679	0.05218025009339314
275.4851010435123	0.05131785563927652
277.1942907969072	0.050539770700753196
281.18240022149524	0.04878859490013037
282.0369950981927	0.04842465018904424
283.8886173310371	0.047649302277087316
285.4553746049824	0.04700702426413152
288.7313216323226	0.04570347545132218
289.01618659122175	0.04559257425601209
291.0102413035157	0.044826926858530895
292.2921336185619	0.04434439411051857
295.2832156870029	0.04324696390377164
297.1348379198473	0.04258695794636622
301.69267726223364	0.04102241493055285
303.1170020567294	0.040550334386317805
304.8261918101242	0.039994017406744235
306.82024652241824	0.03935866078930736
308.60065251553794	0.03880349177777819
312.7311944195755	0.0375578301914358
313.9418704948969	0.03720354902334158
316.5056551249892	0.036468896293643534
320.20889959067813	0.035443802607324874
321.34835942627467	0.03513666684936179
322.7726842207704	0.03475806415687678
324.7667389330644	0.03423773483079872
329.32457827545073	0.03308941663414099
330.4640381110473	0.032810938498615036
333.882417617837	0.03199529863582784
335.0218774534336	0.03172984756952398
338.44025696022334	0.030952096682107598
340.7191766314165	0.03044862968299559
345.27701597380286	0.029476167616014654
353.2532348229789	0.027878033232531504
361.22945367215493	0.026400707674634417
369.49053748023016	0.02498559637856026
379.74567600059936	0.023374872362124637
390.2856794798677	0.021869383429841918
401.6802778358335	0.020392676886092195
413.64460610959765	0.01899050301303023
425.6089343833617	0.017721807632289515
439.28245241052065	0.016414830755835507
453.5257003554779	0.015194716089731268
468.9084081360317	0.014017154261941356
486.7124680672283	0.012810212033458324
505.51355535457185	0.011690260063735951
525.3116699980625	0.010655880605485241
546.9614068743975	0.009667888390028979
570.8900634333203	0.008721136475842153
598.2370994990328	0.007793152935157556
629.0025150601404	0.0069088471154636665
663.1863101280378	0.0060851513431333494
701.9279445383215	0.005311254651178714
745.2274182909914	0.004602561544963572
794.2241912216444	0.0039530614568503535