 t [day]	Mdot [M_\odot yr^-1]
6.3144478421801224	0.026705670303535666
7.342632303206722	0.1079307558723582
8.306277046982736	0.28083874664166725
9.289951358181346	0.5393446848070554
10.910120811920232	1.1572179981065052
11.203887800784976	1.3580600162057281
12.174209067035187	2.2239005781258343
13.286962812734972	3.3755219872979496
14.166038271837802	4.296484821381267
15.999856444751046	6.176308888434354
16.432717651828263	6.591411683248193
17.304003834711192	7.332780876994539
18.20644712247372	7.8839256014873484
19.043237939239958	8.127347159722364
19.90896035339439	8.093220842483085
20.801388857445616	7.802838758874747
21.73498925008774	7.316910180396396
22.64188355283306	6.760256891743226
23.464208570905203	6.241720973491644
24.368877366159126	5.694783964111979
25.312492542512544	5.172365490554266
26.307294391168153	4.683515259120403
27.256473336250068	4.275485017371355
28.422639261743445	3.844610768832304
30.187466702423308	3.314932218048129
31.896656455818178	2.910191772944781
32.928179178081876	2.7052771989187607
33.806141883439004	2.549677530992211
34.69411937250744	2.407288710630621
35.65553860879205	2.2677351658785434
36.53016305291208	2.152190565569986
37.4693272142827	2.038619649556267
38.32169658348873	1.943804188047149
39.171840445203365	1.8561523558230921
40.0531414117976	1.7717830220516675
40.95447194581442	1.691606522544769
41.84690044986566	1.6176786573050563
42.70372083405448	1.5513061630029998
43.56721774071752	1.488555529782084
44.63101032160651	1.4164201012666835
45.48115418332115	1.362501726861266
46.43589689713157	1.305541711774409
47.2993938037946	1.257032185748496
48.16289071045763	1.21115243762071
49.560509415056565	1.1419754929496424
49.98558134591388	1.122089116250341
50.86688231250811	1.08244715661509
51.73260472666254	1.04547331219215
52.687347440472955	1.0068017304094372
53.637639139300575	0.9703501224122657
54.57457779317979	0.9362644176689278
55.567154134344	0.9020241163666911
56.573083520456606	0.8691507730680063
57.6101700114488	0.8370514485700865
58.50927503797423	0.8105978221112053
60.09383637185072	0.7668460331311765
60.52113381019944	0.7556349565859338
61.989968754523154	0.7188590627582935
62.58640476221824	0.7046644138131974
63.55895153595986	0.6823761628196339
64.64499919176284	0.6586753744059082
65.52852566584846	0.6402647579654002
66.47659185718469	0.6213278459212407
67.58044357291887	0.6002859301686878
68.27480191023554	0.587575413394119
69.21841708658896	0.5709186977802561
70.01514876851	0.5573824871916155
71.0655883044506	0.5402360303084266
72.120478855374	0.5237757150811324
73.117506211521	0.5088780484662656
73.76290338402687	0.49955975107722805
74.6798124704835	0.4867409431533983
75.7302520064241	0.47263295009888645
76.62935703294953	0.46102307579084406
77.7421107786493	0.4472179850811183
79.04625816860946	0.43178769358166286
80.04328552475646	0.4205056277553089
80.92458649135068	0.4108848424722262
81.9216138474977	0.40038005048906117
82.90083714371352	0.39043680274773884
83.81774623017014	0.38144679674761156
85.0284223054915	0.37002817294896795
86.15898011112249	0.35980590653138894
87.05808513764791	0.351965121760178
88.40229166245325	0.340695545936623
89.45273119839385	0.3322479674207374
91.09515572704672	0.3196337220629383
92.30583180236809	0.3107731341649762
93.20048581391072	0.30445125572282666
94.24202331988572	0.2973224286434433
95.15448139135954	0.2912730985749594
95.99127220812578	0.28588006314687514
96.90373027959961	0.2801617699531335
98.20342665457694	0.2722970634501775
99.25386619051754	0.26617078231409513
99.85920422817823	0.26273010205909636
100.82952549442844	0.25734696110179994
101.86216097043783	0.25179063256731143
102.87699238651605	0.24649658783873055
103.93633395242223	0.2411393349533545
105.1559120577092	0.23517650477159682
106.268665803409	0.22991897895891658
107.01643632051923	0.22648023202521836
107.89773728711349	0.2225214211442895
109.13511945233164	0.21712867370579697
109.93630214923549	0.21373644024421928
111.04015386496965	0.20918589844653027
112.73153955843334	0.20247842005409444
112.99860045740128	0.20144760488886468
114.03123593341068	0.19753174387941458
115.5089729077	0.1921151261964158
116.50600026384701	0.18857995802162741
117.89471693848034	0.18380925838606801
119.23002143332008	0.17938327413410896
120.1736366096735	0.17634698177619343
121.93623854286194	0.1708691310574603
123.12911055825212	0.1672989758082753
123.7166445359816	0.1655796440613923
124.99853685102777	0.16191499963582034
126.35164540579868	0.15817122114058182
126.97478750339057	0.15648861276422474
127.91840267974399	0.15398895091118964
129.20029499479014	0.1506835947161003
130.5712076094923	0.14725967761881784
131.76407962488244	0.14437007998194254
133.08158005979098	0.1412717325199616
134.00739117621322	0.13915098470809953
135.6987768696769	0.13539219760740354
136.30411490733758	0.13408211247571744
138.06671684052603	0.13036883491725396
138.2091493199756	0.13007520120932747
139.152764496329	0.12815348793801556
141.64533288669654	0.12326786561101084
141.98361002538928	0.12262536214822622
143.08746174112346	0.12056165650187747
144.3782560861352	0.11821067074557513
146.30109455870442	0.11482794134408723
146.4257229782228	0.11461346999958136
148.0815005518241	0.11181741586282945
148.99840963828072	0.11031070813484775
149.92422075470293	0.10881853913621307
151.0636805902995	0.10702118132062201
152.34557290534568	0.10504926563822507
153.32479620156147	0.10357761411127882
154.49986415702045	0.1018500798436552
155.62151993268583	0.10023908022718445
159.0398994394756	0.09554724487033235
158.82625072030123	0.09583122723743433
160.21496739493455	0.09400654735984351
161.78172466887983	0.09200672363568493
163.24165758323795	0.09019729546735486
163.45530630241234	0.0899367564317954
164.80841485718327	0.08831127650114956
165.94787469277983	0.08697467878019091
168.44044308314736	0.08414947459245183
169.33064607970718	0.08317208235509224
170.47010591530375	0.08194442086186952
172.57098498718494	0.07974756042871357
174.42260722002942	0.0778801465234293
176.4878781720482	0.07586978982623825
179.40774400076444	0.07315131807775782
180.76085255553537	0.07193835269020707
182.82612350755417	0.07014145095160657
183.1465965863157	0.06986835560777757
186.2088948944815	0.06733337522413749
185.8172055759952	0.06765024983307036
187.59761156911483	0.06622675961786222
188.48781456567465	0.06553094759060794
189.9477474800328	0.06441212738464643
192.11984279163877	0.06279719439815858
193.0100457881986	0.06215194471197354
196.0011278566396	0.06005165222616826
197.5678851305849	0.058991601011470156
198.7073449661815	0.058237292186231554
199.27707488397976	0.057865273291796485
199.98923728122767	0.05740498422771359
201.98329199352165	0.05614353926997026
202.69545439076953	0.055702570174324645
204.19099542499004	0.054792429020569244
206.18505013728404	0.05361146873750807
207.75180741122935	0.05270880630115175
209.6034296440738	0.051669639875817255
211.38383563719344	0.05069770337600691
213.6627553083866	0.0494911455084675
213.37789034948747	0.04963971741270836
217.65086473297464	0.047475910847483434
219.64491944526864	0.04651185863679505
220.07221688361736	0.046308903224619426
222.77843399315924	0.04505230655207848
223.0632989520584	0.044922864645903005
224.77248870545327	0.04415721257209483
227.33627333554554	0.04304311361614255
229.7576254861883	0.0420272712452521
231.7516801984823	0.04121611835423282
231.8941126779319	0.04115903368826117
233.88816739022587	0.040371524055778964
235.73978962307035	0.03965932437352497
237.73384433536432	0.038912169671161755
240.72492640380537	0.037828485041124925
241.0097913627045	0.0377275254865104
243.00384607499853	0.037031429445536244
245.2827657461917	0.03625806529135555
247.846550376284	0.03541522524409542
249.55574012967887	0.034868747825258874
251.83465980087203	0.034158604963765625
254.11357947206517	0.033468876262679075
256.3924991432583	0.03279880808914969
258.6714188144515	0.03214768068328479
260.9503384856447	0.03151480636694665
263.22925815683783	0.030899527861360084
265.50817782803097	0.03030121670607922
267.21736758142583	0.029863255559094585
268.07196245812327	0.029647650484822884
269.4250710128942	0.029310784911993484
271.5615582046378	0.028789895196779793
272.91466675940876	0.02846679508214604
275.1935864306019	0.02793419343305813
276.90277618399676	0.027544012234555285
279.18169585518996	0.027035744649646996
281.4606155263831	0.02654073762547111
283.73953519757623	0.026058546441145025
286.0184548687694	0.025588744542310075
287.7276446221643	0.025244276764062563
288.5822394988617	0.025074517542219933
290.86115917005486	0.024629704475117174
293.4249438001472	0.024142616206813242
295.70386347134036	0.023721096760377564
297.4130532247352	0.023411810509464594
299.69197289592836	0.023008299818255522
301.9708925671215	0.02261463356175675
304.2498122383147	0.022230502779906035
306.5287319095078	0.02185561032822128
308.807651580701	0.02148967034602455
311.08657125189416	0.02113240775216144
312.22603108749075	0.02095694734228333
313.36549092308735	0.020783557766605443
316.21414051207876	0.020358938043230104
317.9233302654737	0.020110085304893457
319.0627901010702	0.019946588038138736
320.7719798544651	0.01970487710608941
321.0568448133642	0.019664998711464324
323.0508995256582	0.019389047664775904
325.32981919685136	0.019080392672035408
325.8995491146497	0.0190043251756145
327.0390089502463	0.01885348315170989
329.8876585392377	0.018483774210615294
330.457388457036	0.018411075768366564
332.16657821043094	0.018195413221168265
334.4454978816241	0.017913431025828454
336.1546876350189	0.017706020904939918
338.4336073062121	0.017434768134087453
340.7125269774052	0.017169409452168036
347.121988552636	0.016453291232005843
358.51658690860177	0.015281647695804172
370.3384827029163	0.01418810094791676
381.73308105888214	0.0132369121500821
394.2671392504445	0.012292516140176978
409.08011711319995	0.011295974410408171
425.03255481155213	0.010347169587215382
442.12445234550086	0.009452262255468745
461.49526955064266	0.008566241440238884
483.1450064269778	0.007710334268793835
507.0736629745059	0.006900080552975086
533.2812391932272	0.006145756163110729
561.7677350916877	0.005453119452288915
593.6726104969379	0.004803045458355055
630.1353252360284	0.004188221276461118
672.2953391531018	0.0036091205469712907