 t [day]	Mdot [M_\odot yr^-1]
5.355072137691539	0.04776778419180317
6.271981224119676	0.1081148675181411
7.306842207620476	0.2077233827592065
8.390664355932067	0.33322975047110015
9.289769382457493	0.4547204693035538
10.69629011702202	0.7175949065371796
11.573140068633451	0.9254914411328364
12.441087990279284	1.1537724831585123
13.569420288418865	1.475837172576271
14.699978094049847	1.8195619586897742
15.590181090609674	2.099836736560762
16.4826095946609	2.385820118599127
17.67993262503387	2.772719658483382
18.70366607107767	3.1002528274178642
19.5760650077063	3.368231755076278
20.460704235537634	3.616379907660135
21.44326579299054	3.843171849453128
22.414699812986456	3.9937742025359135
23.249265122261292	4.0523761653798465
24.205120589817408	4.037259109755073
25.05971546651484	3.9580312793361605
25.944354694346174	3.825905565646241
26.806738847263503	3.664147399731845
27.666897492689436	3.4846710892626573
28.53484541433527	3.2964390774373427
29.407244350963904	3.1080714901898467
30.311913146217822	2.919171307948825
31.172071791643756	2.7486752227828433
32.054485511983685	2.5845298884201835
32.982522135897305	2.424224626734616
33.89386745362543	2.2789795421292354
34.84638465994444	2.139492899556922
35.85565230729415	2.004506611647014
36.83042458852716	1.8856116627620358
37.837466728385465	1.7735230673965374
38.94131844411965	1.661929923401367
40.117499153324324	1.5545563445949704
41.09227143455734	1.4735761721162175
41.99582747606556	1.4043066639804485
43.037364982040565	1.330677532813039
43.78513549915082	1.2815407995002102
44.699819078116036	1.2252787414941606
45.59447308965866	1.173986488637055
46.437940428899104	1.1287152392348148
47.39490865020091	1.0806597309832549
48.16938525720796	1.0441288344592758
49.07071579122479	1.0040517425972242
49.952016757819024	0.9671989235690321
50.83554323190465	0.9323811087063755
51.73019724344728	0.8991235564907756
52.53583095533392	0.8707658726694462
53.39487684701416	0.8420665715806479
54.28507984357398	0.813881161782378
55.179733855116616	0.7870330841361878
56.12557453896143	0.7601419558665914
57.078091744425855	0.7344978001323096
58.06844257724407	0.709250353715406
58.96977311126089	0.6874366221046391
60.00018307977889	0.6637604671283406
61.03504406327969	0.641240056929519
62.014267359495506	0.6210082405308484
63.01574573062532	0.6013255013087866
64.01054757928092	0.5827164005759021
65.02092798037633	0.5647136560521263
65.99792576910075	0.5481107302966891
66.94599196043696	0.5327091036319543
67.92076424166997	0.5175585103593459
68.8376733281266	0.5039043177991211
69.7612589370574	0.49070278053616556
70.73603121829042	0.477337248502371
71.67296987216965	0.4650097469778004
72.62993809347145	0.4529154303934577
73.55797471738508	0.4416408181657623
74.55945308851489	0.4299488340692922
75.40069492026392	0.42048930369052356
76.25528979696135	0.4112014319906295
77.31018034788475	0.40016227147996847
78.21373638939298	0.39106232413887443
79.121743445884	0.38223176133104764
80.1543789218934	0.3725535325548369
80.89324740903805	0.3658558992379483
81.81905852546028	0.35771938591845215
82.71816355198571	0.3500784056715024
83.58166045864873	0.34297147681462237
84.43625533534616	0.336151751503962
85.3798705116996	0.3288584946052392
86.42140801767458	0.3210842514018007
87.24929680447522	0.31510226772291383
88.02377341148228	0.30965822414105376
88.88727031814531	0.3037552186088467
89.95996492899991	0.2966571289501474
90.93028619525012	0.2904511679829249
91.81603817682713	0.28495655425952976
92.72404523331818	0.27948602128681854
93.6231502598436	0.27422463633988947
94.50890224142063	0.2691869411879751
95.54153771743002	0.2634890406418224
97.37980690532608	0.25378851233963
97.41986604017126	0.2535831805901641
98.36348121652468	0.24881836543202093
99.21362507823932	0.24464072398955508
100.16614228455832	0.24008496666235568
101.07860035603214	0.23584020020600163
101.97770538255759	0.23176769578617362
103.06820405334336	0.22696948187640362
104.04742734955919	0.2227877702065997
105.13347500536217	0.21828468271717782
106.19281657126837	0.21402356901258937
107.0385094180002	0.2107114100729577
107.98212459435362	0.20710630873264743
108.80111135118865	0.2040523142577023
109.69131434774849	0.20080921989860975
110.6527335840331	0.19739326615315328
111.86786067433727	0.19319982983012665
113.05183065976183	0.18924177579497833
113.98209279116685	0.18621696845133417
114.8188836079331	0.18355787478620414
115.7624987842865	0.1806273353510048
116.70611396063993	0.17776665187249857
117.66753319692454	0.17492152639567737
118.82479709245231	0.17158673531963636
120.03547316777367	0.16819927067546436
121.12152082357666	0.16524526832577685
122.0028217901709	0.16290504241544224
123.16008568569868	0.15990680020917306
124.14821101188008	0.15741178717765814
124.96719776871511	0.15538781601602122
125.83959670534374	0.15327444408025157
126.6585834621788	0.15132940017115698
127.6645128482914	0.14899053505270737
128.75946253406	0.14650565301695118
129.81880409996617	0.14416010976852248
130.88704769583796	0.14185124607611757
131.93748723177856	0.13963432145334753
132.67635571892322	0.1381058100128401
133.53095059562065	0.13636883767287386
134.52797795176767	0.13438325217006516
135.24014034901555	0.13299125616050456
136.27277582502492	0.13101072619884369
137.20748897141274	0.12925565307985742
138.27573256728454	0.1272923901916452
139.21044571367236	0.12561071623256423
140.44782787889054	0.12343486066608363
141.4804633548999	0.12166164864980832
142.75345363998048	0.11952731278134537
144.1243662546826	0.11729038651817869
144.82762662196487	0.11616690388368721
145.8513600680087	0.11455976662331048
147.07984020326123	0.11267433698140812
148.49526296779138	0.11055844177511269
149.8928816723903	0.10852636389710492
150.4804156501198	0.10768858006123033
151.4329328564388	0.10635053532081414
152.37654803279221	0.10504908267006398
153.64953831787278	0.10333030729279527
154.21926823567105	0.10257448941171383
155.55457273051078	0.10083469613207205
156.27563715772425	0.09991325228855123
157.1569381243185	0.09880380686393692
158.1094553306375	0.09762500517924112
159.04416847702532	0.09648826592666311
160.1836283126219	0.09512869675061245
161.12724348897532	0.09402403457166755
162.08866272525995	0.09291782577887929
163.3705550403061	0.09147240379881953
164.81268389473303	0.089885455363638
165.00852855397616	0.08967306683863119
165.9343396703984	0.0886789535120388
166.9491710864766	0.08760772319254997
168.19545528166034	0.08631795207313701
168.889813618977	0.08561140834563316
170.20731405388557	0.08429388405218231
170.77704397168384	0.0837333279685453
171.6316388483813	0.08290267400309077
172.69988244425306	0.08188121179796701
173.44765296136336	0.08117710743156901
174.48028843737274	0.08021924103936263
175.40609955379495	0.07937444568475852
176.22508631063	0.07863791906533371
177.222113666777	0.07775467682292646
178.43278974209838	0.07670151037010456
179.46542521810778	0.07581959062136415
180.302216034874	0.07511573942357601
181.54850023005778	0.07408498603856792
182.77698036531032	0.07308900870455488
183.73839960159495	0.07232309597363751
184.91346755705393	0.07140275242932756
186.6582654303112	0.07006732263853883
187.5840765467334	0.06937343759365215
188.72353638233	0.0685330589878096
190.21907741655048	0.06745233740559269
190.57515861517442	0.06719867356748828
191.42975349187185	0.06659550402216183
192.7828620466428	0.06565644193336122
194.1893827812073	0.06470054334487432
195.64931569556546	0.06372954723152262
196.55732275205645	0.06313625694376795
197.5721541681347	0.062482593568391184
199.15671550201117	0.06148140245061576
200.50982405678212	0.06064473497432261
201.41783111327314	0.06009249606887485
202.25462193003938	0.05958998865703789
204.24867664233338	0.05841675148801631
204.58695378102612	0.05822103834904773
206.01127857552186	0.057407291783370236
206.95489375187526	0.05687720413567755
208.02313734774705	0.05628559436914038
208.9489484641693	0.05578002537349463
209.8747595805915	0.055280984522933896
210.94300317646326	0.0547131344810641
212.01124677233508	0.05415365998234585
212.65219292985816	0.053821927459430666
213.64922028600515	0.053311694009491796
214.75307200173935	0.05275488548480588
215.78570747774873	0.052241554209720625
217.13881603251968	0.05157973645312639
218.27827586811625	0.05103173943317881
218.91922202563936	0.05072716755135612
219.7382087824744	0.050341785398490164
220.6640198988966	0.04991118861370016
222.90733145022736	0.04888954163423791
222.8361152105026	0.048921510744746086
224.04679128582396	0.048382093997330254
225.16844706148933	0.047889935840307186
226.07645411798038	0.04749677362472077
227.02006929433378	0.047093087554413555
228.034900710412	0.04666441127340513
229.88652294325644	0.045896576732510054
230.81233405967865	0.04551944556209743
232.02301013500002	0.04503294836154781
232.80638877197268	0.04472212133397677
234.01706484729402	0.044247771751798635
236.01111955958802	0.04348207551132164
236.58084947738632	0.04326679393443003
237.8271336725701	0.04280115911235763
239.46510718624017	0.042200025453525816
240.21287770335042	0.04192960937917023
241.92206745674528	0.04132075832847604
242.13571617591964	0.04124554321135351
242.9903110526171	0.04094663398514168
243.80929780945212	0.04066307948520202
245.23362260394785	0.04017659139481683
247.0496367169299	0.03956830593481989
247.22767731624188	0.03950938033374524
248.2247046723889	0.03918170410899898
249.0436914292239	0.03891543995877993
250.25436750454529	0.03852654578333714
252.24842221683932	0.037898019498165264
253.53031453188547	0.03750167525001436
253.60153077161024	0.037479829979948164
255.66680172362905	0.03685413992117995
256.1297072818401	0.03671594657047325
256.9130859188128	0.03648376046096932
258.08815387427177	0.036139392083398725
259.1563974701436	0.0358303406278898
260.1534248262906	0.03554528316370247
261.15045218243756	0.03526344954600072
262.5035607372085	0.03488603229438536
263.5718043330803	0.03459212683135801
264.21275049060336	0.03441747534942015
265.77950776454867	0.033995805768859085
266.2068052028974	0.03388208313300936
268.34329239464097	0.03332152263607179
268.4857248740906	0.033284622886232476
269.6251847096871	0.03299150927463113
270.4797795863846	0.032774080900890866
271.334374463082	0.03255868739671288
272.1889693397794	0.032345303862536444
272.9723479767521	0.032151447043648716
274.4322808911102	0.031794556397177855
275.57174072670676	0.03151991269894452
276.46194372326664	0.03130769042023712
277.316538599964	0.031105864575562945
279.8803232300564	0.03051137464097662
280.1651881889555	0.030446320096406326
281.0197830656529	0.03025233577422933
281.9455941820751	0.03004416330141454
283.8684326546444	0.02961826410526938
284.15329761354354	0.029555898880701762
285.007892490241	0.029369919180973755
286.3610010450119	0.02907883603530401
287.0731634422597	0.028927278818584933
288.9247856751042	0.028538444037147934
289.70816431207686	0.028376170116189457
290.42032670932474	0.028229783294727764
290.990056627123	0.028113444876173344
292.1295164627196	0.027882801945710613
293.340192538041	0.027640676727697294
294.7645173325367	0.027359627736984266
295.83276092840845	0.02715149592360967
297.5419506818033	0.026823131342838175
297.9692481201521	0.026741921195469847
298.8950592365743	0.02656715865333164
300.03451907217084	0.026354282706464224
301.3876276269418	0.02610462209660842
302.3846549830888	0.025922803164746433
302.8119524214375	0.025845430346894235
303.8089797775845	0.02566616279229084
304.66357465428194	0.025513905136126364
306.657629366576	0.02516358160167697
307.0849268049247	0.02508940030900605
308.0819541610717	0.024917511844673508
309.50627895556744	0.024674839091273562
311.2154687089623	0.024388030150108955
311.07303622951275	0.024411749932475628
312.9246584623572	0.02410592252814092
314.5626319760272	0.023839888401786146
315.9157405307982	0.023623247450511035
316.27182172942213	0.023566700300198615
317.0552003663948	0.023442969563212873
318.55074140061527	0.02320929815981044
320.1887149142854	0.022957138998494074
320.7584448320836	0.022870340581115527
321.4706072293315	0.022762494559245734
322.46763458547855	0.022612715937314506
323.3222294621759	0.02248544231940296
324.2480405785982	0.02234870385117676
325.95723033199306	0.02209933825649433
326.88304144841527	0.021965906914744083
328.4497987223605	0.02174268408698004
328.8770961607093	0.02168236237035931
330.01655599630584	0.021522657477023963
331.29844831135205	0.021344971564819255
331.72574574970076	0.02128620405188836
333.4349355030956	0.021053408645271176
333.71980046199474	0.021014959877451323
334.57439533869217	0.020900207664233644
336.21236885236226	0.020682729786974014
337.42304492768363	0.020524036593692018
339.2034509208033	0.020293775063447428
341.1262893933725	0.020049173649473062
343.1203441056665	0.019799891816782315
343.6900740234648	0.019729473311670513
344.971966338511	0.019572320449039317
345.3992637768597	0.019520329268432873
346.68115609190585	0.019365521676558497
347.2508860097041	0.019297274842069945
349.10250824254854	0.0190778049551119
349.3161569617229	0.019052708768312665
351.8799415918152	0.018755158667138953
351.8087253520904	0.018763335010187662
353.3042663863109	0.018592683210388816
354.5149424616323	0.01845613785977966
355.08467237943063	0.01839237097615567
357.22115957117416	0.01815599647763744
357.5060245300734	0.018124804488840747
359.50007924236735	0.017908564608411778
359.7849442012665	0.017877970952227096
361.42291771493655	0.017703481387677206
362.4199450710836	0.017598445517612797
363.3457561875058	0.017501698226644182
364.77008098200156	0.017354316345757678
365.33981089979983	0.017295853921314917
366.47927073539637	0.017179760155895868
367.9035955298921	0.017036183727243706
369.3279203243879	0.016894294895403672
370.609812639434	0.016768016628903624
372.603867351728	0.01657421631390999
374.954003262646	0.01634984176083681
377.09049045438957	0.01614956559781329
377.0192742146648	0.0161561855652716
379.72549132420664	0.01590729223487017
380.580086200904	0.015829818011131442
382.28927595429894	0.015676458172387733
382.57414091319805	0.01565110210135037
383.99846570769387	0.015525185321248067
385.7076554610887	0.015375962778656153
387.1319802555844	0.01525315095391376
388.55630505008014	0.015131717662205927
391.12008968017244	0.01491654805037899
390.97765720072283	0.01492838838612694
393.5414418308152	0.014717271636128995
395.3930640636596	0.014567406782606417
396.5325238992562	0.014476249430692286
397.9568486937519	0.01436342932360722
400.52063332384427	0.014163454047776384
401.37522820054164	0.01409766742220999
402.7995529950374	0.013988976261551447
403.3692829128357	0.01394583029393651
404.5087427484322	0.013860099095976143
405.2209051456801	0.013806893749225375
406.0755000223775	0.013743426393357133
409.35144704971776	0.013503905525354297
409.921176967516	0.0134628509657252
410.918204323663	0.013391427436596133
414.0517188715536	0.01317039692877891
415.90334110439807	0.01304219681310981
418.1822607755912	0.012886811825731176
419.3217206111878	0.012810095738910149
421.0309103645826	0.012696222337640362
422.4552351590784	0.012602413683545546
422.5976676385279	0.01259308654964251
425.73118218641855	0.012390324922960617
426.72820954256554	0.012326773842899687
427.58280441926297	0.012272666130081752
429.00712921375873	0.012183226975199895
430.1465890493553	0.012112334919021467
433.84983351504417	0.011885905031848129
436.41361814513647	0.011732621676651346
437.2682130218339	0.01168214545850702
438.12280789853133	0.011631974330692277
439.4047002135775	0.011557284480982234
441.82605236422023	0.011418033973560398
442.96551219981677	0.011353320427062602
444.9595669121108	0.01124130756033323
445.52929682990913	0.011209589570523723
448.37794641890054	0.011052873473000817
448.37794641890054	0.011052873473000817
450.65686609009373	0.010929711223946514
453.0782182407365	0.010800956448937676
454.5025430352322	0.010726213237233401
454.7874079941313	0.010711351953747377
457.35119262422364	0.010578894391704063
459.6301122954168	0.01046308049476568
459.48767981596717	0.010470266480581887
463.7606541994544	0.010257668884588704
466.03957387064753	0.01014675971944734
468.31849354184067	0.010037529627303407
469.45795337743726	0.009983533982402856
470.3125482541347	0.009943304931063343
472.0217380075296	0.009863527903036164
472.44903544587834	0.009843724329616414
475.58254999376885	0.009700192013675153
477.4341722266134	0.00961675744196274
479.7130918978065	0.009515447399779399
481.99201156899966	0.00941563146324093
484.2709312401929	0.009317281288813602
484.8406611579912	0.009292919511930472
487.2620133086339	0.009190374785769728
489.25606802092796	0.0091071166057515
491.1076902537724	0.009030751663334459
493.1017449660664	0.008949515260123515
493.52904240441507	0.008932241174666854
495.5230971167091	0.008852245287768628
495.80796207560826	0.008840899586117416
498.65661166459967	0.008728558273231308
500.223368938545	0.008667624269697166
501.0779638152424	0.008634639282614326
502.3598561302886	0.008585491675711963
502.9295860480869	0.008563774434258714
506.77526299322534	0.008419182635947361
508.19958778772104	0.008366500340335987
509.0541826644185	0.008335113082640188
512.1876972123091	0.008221431408279148
513.8968869657039	0.008160339834876011
514.7514818424014	0.008130033051924277
515.7485091985484	0.008094874641046865
518.882023746439	0.007985757329806054
520.4487810203842	0.00793197253775977
520.876078458733	0.007917392303481065
525.1490528422202	0.007773638795597338
527.5704049928629	0.007693801852979368
529.8493246640561	0.007619709401157761
532.1282443352492	0.0075466153424310145
534.4071640064424	0.007474502383351914
534.6920289653415	0.007465556400053311
536.6860836776356	0.007403353596677247
539.6771657460765	0.00731140630082144
541.3863554994714	0.007259583805438953
543.2379777323158	0.007204023057728422
543.6652751706646	0.007191286197413082
547.9382495541518	0.007065639263516792
550.3596017047945	0.006995804456682091
552.6385213759877	0.006930959814224013
554.9174410471808	0.006866956062579909
557.196360718374	0.006803779187714045
559.4752803895672	0.006741415461038685
561.7542000607602	0.006679851432540028
564.0331197319534	0.006619073924094873
566.3120394031466	0.006559070022972674
568.5909590971289	0.006499827074928422
581.1250172886913	0.006187050966133298
605.0536738362194	0.005646019271285909
631.2612500549408	0.0051266829460822295
659.7477459448552	0.0046351416604326
691.6526213415596	0.00415967130974909
726.9758762450535	0.003709388252529186
765.7175106553373	0.003290375738568036