 t [day]	Mdot [M_\odot yr^-1]
5.459482589219182	0.2621148051111966
7.179799880042563	0.742254842055425
10.14417585858679	1.6896318723478199
12.40529146984875	3.412329026481401
14.78213347066349	5.376202544183797
16.874110512579087	7.4348311775645675
19.028401764253868	9.565938156231788
20.25243088452363	10.673436416293049
22.13966123723047	12.17856477330987
23.92896926031572	13.390813916667364
25.629256983744995	14.353646756302163
27.480879216589432	15.105635783348454
29.272412747166086	15.378596803944333
32.334711055331894	14.62247996260656
33.90146832927719	13.782907120846033
35.806502741915224	12.573459410503217
37.727115706993054	11.30637727100959
39.5653848948891	10.144489800942363
41.661812951787496	8.935045063752664
44.403638181191766	7.56774505193794
46.58908653774614	6.646233735833821
51.16472994006365	5.126328170477271
51.939206547070704	4.915128217081112
53.69290645029356	4.4779272359507285
55.63354898279398	4.053127035816716
57.4540141110437	3.703253815781298
59.17655690967183	3.4095886871910164
61.4154174460198	3.0744590805444956
63.289294753778236	2.828626417765929
66.87681282991434	2.430221315867236
67.09491256407149	2.4086437658472737
71.61714378659542	2.0168151127389256
74.07855507208335	1.8411233647646534
74.98656212857438	1.781850425544114
77.9598401370842	1.6058802515370172
78.39603960539851	1.5821874403597376
80.30997604800214	1.4839520241594852
82.17050031081219	1.3966431599235425
84.03102457362222	1.316521907237378
85.77582244687949	1.247238521127067
87.8232893389671	1.1724097233762636
89.51467503243076	1.1153451418654332
91.8559089133831	1.0426948152690376
93.20901746815404	1.0037520041981873
95.38111277976003	0.9454453933340005
97.26834313246687	0.8986221102779173
100.90927338839657	0.8171604471140348
101.2297464671581	0.8104987257310811
103.91815951676877	0.7575289239851007
105.8766061092004	0.7219798685397333
107.71042428211365	0.6907967245300181
110.0427561331004	0.6538216554523751
112.6421488830551	0.615826075311058
113.94184525803244	0.5979909438847856
115.77566343094568	0.5740437210107884
117.57387348399654	0.551855577393834
119.58573225622175	0.5284396880174819
121.40174636920379	0.5084895370462623
123.52042950101618	0.4865319932412602
125.78154511227815	0.46454564612843197
127.90022824409054	0.44519517945797943
130.1435397954213	0.42592317670779145
132.2622229272337	0.40878516712350765
134.3452979391837	0.3928686733530603
136.8734744494136	0.3747016672772209
139.17019818053797	0.3592089685554931
141.59155033118068	0.3438370590827418
142.76661828663967	0.33671049980143947
144.76067299893367	0.32508613274566245
146.6479033516405	0.3145998414984725
148.64195806393454	0.304031826038176
151.06331021457726	0.2918615717902197
152.98614868714648	0.28268194393027885
154.83777091999093	0.2742234496235866
156.40452819393622	0.26734320073010437
159.00392094389093	0.25645610803586333
160.5706782178362	0.2501949637863231
162.813989769167	0.24160070166486708
164.66561200201141	0.23481861543485372
166.4460179951311	0.22854889326105352
168.2976402279755	0.2222770316401091
170.57655989916867	0.21488758092418514
172.71304709091226	0.20827228641735313
174.49345308403193	0.2029779970975258
176.80798087508748	0.19637647549739978
178.83764370724387	0.19083535212702366
181.00973901884987	0.18514799275672011
182.86136125169432	0.1804878736668797
185.24710528247465	0.17472537612962488
188.30940359064044	0.16770454558527523
189.6625121454114	0.16472959015844343
192.2262967755037	0.15929499838843914
195.50224380284388	0.1527145293789894
198.42210963156012	0.14717037881567974
199.34792074798233	0.14547224202434197
201.5556241794507	0.14153367791540283
203.69211137119427	0.13786504209027325
207.6802207957823	0.131370176297284
208.35677507316777	0.13031175482234097
210.49326226491138	0.12704795154397075
212.52292509706777	0.12405408089088912
215.3715746860592	0.12001894356368518
217.43684563807804	0.11720938983267949
219.0036029120233	0.11514009108846628
221.99468498046434	0.11133164592310463
224.2736046516575	0.10854933398679176
226.69495680230023	0.10570043989150732
228.47536279541987	0.10367317564183079
229.89968758991563	0.102091030707182
232.60590469945748	0.09917836164153852
233.88779701450363	0.09783989940564615
236.45158164459596	0.0952391469713152
238.16077139799086	0.09355974535213223
240.72455602808313	0.09111879030820763
241.79279962395495	0.09012847777368348
244.49901673349683	0.08768735746193175
248.13104495946092	0.08455677021003218
249.55536975395663	0.08337251691963857
252.11915438404893	0.08129970501229339
254.11320909634296	0.07973796482624361
256.17848004836173	0.07816516634511234
258.88469715790364	0.07617042020862956
262.9440228222165	0.07331191395272374
263.51375274001475	0.07292301217093863
265.65023993175834	0.071490543097945
267.9291596029515	0.07000640753220945
272.0597015069891	0.06742629098542284
272.62943142478736	0.06708109824652539
275.33564853432927	0.06547537482989023
277.04483828772413	0.06448934360023394
278.89646052056855	0.06344487007695199
281.60267763011046	0.061961232910631894
283.8815973013036	0.060749936946316224
286.16051697249674	0.059572130287380405
288.5818691231395	0.058356070836613275
290.8607887943326	0.0572436240454043
292.0002486299292	0.0566987148631097
293.1397084655258	0.05616117181449665
295.1337631778198	0.055237809959115085
297.69754780791214	0.054082123103953876
299.9764674791053	0.0530835710224581
302.11295467084886	0.05217113035908219
303.9645769036933	0.05139832759577032
305.9586316159873	0.05058420082792139
308.0951188077309	0.04973216930188053
312.9378231090164	0.047875116358254574
313.9348504651634	0.04750508056735276
315.7864726980078	0.04682860583207023
318.35025732810016	0.04591439924931432
320.3443120403942	0.04522083409369888
322.6232317115873	0.044446326716444044
324.7597189033309	0.04373727818918666
328.74782832791897	0.04245618636640848
329.60242320461634	0.04218863368380374
331.3116129580112	0.04166068658126243
334.1602625470027	0.040801470251828856
334.72999246480094	0.04063266005390971
336.29674973874626	0.040173529300620126
338.86053436883856	0.03943801564055756
340.71215660168303	0.03891868243138896
343.27594123177533	0.0382155431224868
349.2581053686573	0.03664367133057428
360.65270372462317	0.033894309055434696
374.1837892723325	0.030995804630321415
389.5664970528863	0.028110978999138312
405.6613672306881	0.02548465386316063
422.8956972440863	0.02304270421036004
442.2665144492281	0.02067645021621471
463.2040889283153	0.018488591355499722
487.70247539364175	0.016323350279394765
515.0495114479597	0.014307522553053668
544.6754671734708	0.01249950771916478
578.8592622470654	0.010790397450272262
619.8798163342396	0.009145330747710883
668.8765892648926	0.007609328856206321
725.8495810447215	0.006244325310840257
797.635550687306	0.004969707185362276