 t [day]	Mdot [M_\odot yr^-1]
3.579788902434426	0.1503970368921424
4.467766391502854	0.29301810871998696
5.313459238234691	0.48606669212476455
6.172505129914924	0.7424729736764858
7.227395680838321	1.140125067707443
8.202167962071332	1.5836382229608406
9.052311823785969	2.023006299784055
10.013731060070581	2.5684326076031407
10.926189131544406	3.1218927398399563
12.243689566452952	3.956453788911153
13.409855491946326	4.702137865010261
14.313411533454552	5.267308850392555
14.994416825822817	5.6788622538390285
16.191739856195788	6.360012948509426
17.148708077497602	6.856932421543241
18.15018644862741	7.326399626739464
19.098252639963626	7.722262345041214
19.961749546626656	8.04385400351363
21.32821114634599	8.488226295215346
22.294081397613404	8.767031280714466
23.24882411142382	9.026187592642435
24.18131175032024	9.273457434494919
25.185015628941443	9.54118648407642
25.623440604747163	9.659479153710087
26.56260476611778	9.913570629327417
27.982478545630705	10.278194811401919
28.498796283635404	10.394861293681133
30.159024872219483	10.656471074341036
30.666440580258588	10.69046256529009
31.843734043208958	10.670528274579542
32.91420314657215	10.531095003108456
33.74209193337279	10.350792192230058
34.7391192895198	10.063796204379976
35.86745158765938	9.669448177145126
36.54178035755345	9.409252162334848
37.46759147397567	9.033549140113172
38.29993127575911	8.68595823168812
39.345919796716906	8.246401596857243
40.460899049908086	7.784623243391009
42.29916823780414	7.058432193739676
42.88002569305942	6.840844692774627
44.940845630095424	6.12124216338342
45.0476699896826	6.086227609311728
47.25537342115098	5.412604084173638
48.43044137660995	5.091593315537851
49.56990121220653	4.80359711620476
49.7390397815529	4.7627154241922565
51.02538311158185	4.466796670224239
52.89035838937468	4.081590285581685
53.295400752809414	4.004248000369672
54.234564914180034	3.832946749874362
55.15147400063665	3.6759460493392093
56.05057902716208	3.531163783889445
56.869565784566845	3.406672395972013
57.76421979667921	3.2782066575169755
58.67222685317023	3.1553318495864406
59.63364608945484	3.0328996178762644
60.55945720587707	2.9219317588308473
61.51642542717888	2.8138609962063397
62.371020303876314	2.7226537139479667
63.37694968998892	2.62124835603644
64.15587731197877	2.546853322170339
64.97041305383101	2.4726570620486514
65.96744040997802	2.3865212382156433
67.20037156021338	2.286596769892583
68.47336184529394	2.190418168273325
69.40362397669895	2.1242504232911807
70.50302467745034	2.050176674754931
71.62913146809852	1.9785870394832472
72.55494258452075	1.9227356077048796
73.61428415042694	1.8619132709565933
74.73593992609233	1.8008447170316706
75.74186931220493	1.7487804540634992
77.49556921542779	1.6636031716174755
78.25669277748645	1.6286756855695717
79.5163300176186	1.5733652001869394
80.90949770723472	1.5155526103148935
82.52521614599083	1.4525416890891865
84.84864596701196	1.3687399351448644
84.91096017677116	1.3665943424117148
87.06525142844595	1.2954149521331795
87.15427172810193	1.2925935926213705
88.17800517414571	1.260791299889868
89.18393456025834	1.230651471614336
90.20766800630213	1.2010468856376348
91.54297250114186	1.163959602368417
92.70913842663525	1.1329018084079816
93.83969623226623	1.1039081588756607
95.05927433755319	1.073795087242617
96.46579507211773	1.0404796711144981
97.44501836833354	1.0181314033694069
98.62008632379249	0.9921828535413669
99.42126902069634	0.9750115863869795
100.61414103608652	0.9501937007788428
101.43312779292155	0.933653037070613
102.05626989051345	0.9213300388204106
103.22243581600681	0.8988566905451947
104.3351895617066	0.8781010396279263
105.16307834850724	0.8630779482515828
106.67642344265894	0.8365016303972688
106.94348434162688	0.8319267409408404
107.82478530822114	0.8170667298478341
108.86632281419612	0.7999621247313271
109.71201566092796	0.7864265255570345
110.84257346655895	0.7688085320208536
111.94642518229313	0.7521152172872171
113.72683117541278	0.7262031252721822
114.6882504116974	0.7127090384945873
116.41524422502347	0.6893065512480259
116.97607211285614	0.6819302590220533
117.87517713938158	0.6703259293035808
119.30840396384288	0.6523746569268131
121.44489115558648	0.6268071482961187
123.23419917867173	0.6064349914374894
126.23418327707834	0.5742668005477152
126.19857515721596	0.5746346781594095
127.83654867088605	0.5580437862797771
129.43001203472815	0.5425344506852636
130.31131300132236	0.5342134774979402
132.24305350385717	0.5165881608111276
133.94334122728645	0.5017427745372789
134.42405084542875	0.49765474102303986
135.08280106288302	0.49212865623389224
136.3646933779292	0.48162152243566425
137.66438975290654	0.47129074431319823
139.12432266726466	0.46005890989914816
140.31719468265484	0.4511637036505101
141.9551681963249	0.43934640281545
143.18364833157747	0.4307737277257914
144.0738513281373	0.42471177297536356
145.19550710380267	0.41724799881097935
146.0322979205689	0.4118030521891711
147.00261918681915	0.40561758331640746
148.3023155617965	0.39754229491166987
149.1925185583563	0.3921459263733184
150.54562711312724	0.38414635150119986
151.2666915403407	0.379980694922037
151.7830092783454	0.3770384494757496
152.97588129373557	0.37036745730159054
153.67023963105225	0.36656393942888066
154.75628728685524	0.3607291347670351
155.53966592382787	0.35660497217782994
156.82155823887402	0.35000484823505196
158.15686273371378	0.34331977031613764
159.15389008986077	0.338450609143804
160.32895804531975	0.33284205091527513
161.39720164119157	0.32786197833128244
162.66128989630653	0.3221102795924073
163.83635785176548	0.3168968125288199
164.7799730281189	0.31280036139570266
165.7770003842659	0.3085568605642938
166.84524398013767	0.3041044169067578
168.8749068122941	0.2959035962359756
169.17757583112444	0.29470886397341584
170.04997476775307	0.29130503028754184
171.11821836362486	0.287216005956709
172.70277969750134	0.2813058342433805
173.80663141323555	0.27729469745466695
174.91048312896973	0.2733678474603332
176.44163228305263	0.2680560632970265
177.0469703207133	0.2659981897764769
178.75616007410818	0.2603124627131992
180.7858229062646	0.25379135976417705
181.96089086172356	0.2501258430534004
182.88670197814577	0.2472926815401076
184.07957399353597	0.2437115841091421
184.93416887023338	0.24119285805096616
186.4119058445227	0.2369272007311528
186.96383170238983	0.23536246393868707
188.33474431709195	0.23154101792205675
189.70565693179407	0.22781006572224552
191.21900202594577	0.22379306810055996
192.46528622112956	0.2205624269551256
194.42373281356114	0.21562196587337443
195.91927384778168	0.21195738473099773
197.20116616282783	0.20888817965027323
198.2694097586996	0.20637971842465141
199.9785995120945	0.20245642436414882
200.40589695044318	0.20149254281696055
202.3999516627372	0.19708132294331138
202.3999516627372	0.19708132294331138
204.39400637503124	0.19280865408032966
205.80052710959578	0.18987500509767274
206.93998694519235	0.18754539594195843
208.88062947769276	0.1836716001451681
209.09427819686712	0.18325218413517305
212.2634008646201	0.17718919299397792
213.04677950159277	0.17573490423964683
214.79157737485	0.1725566566058376
215.71738849127226	0.17090355192169257
216.85684832686883	0.1688998592552993
218.0319162823278	0.1668684908383851
219.10015987819958	0.16505189049899557
220.31083595352095	0.1630269449786564
221.48590390897994	0.1610951960717356
224.51259409728334	0.15626680641117094
224.6550265767329	0.1560446722153488
226.00813513150385	0.1539565375747777
227.18320308696283	0.15217511443703596
228.8923928403577	0.14963558455262038
229.17725779925686	0.14921816163580198
230.81523131292693	0.14684959360885708
230.7796231930645	0.1469005181621313
232.70246166563373	0.14418582071743738
233.02293474439531	0.143740256697647
234.1267864601295	0.14222029010511972
235.1238138162765	0.14086678722563312
236.15644929228588	0.1394839642205507
237.29590912788245	0.13798012780944963
238.86266640182777	0.13594927502265883
239.78847751824998	0.13476889383814952
241.03476171343374	0.13320249012781613
242.60151898737905	0.13126925304280562
245.91307413458162	0.12731031989493236
246.73206089141664	0.12635701506762098
248.08516944618756	0.12480370537615419
249.58071048040807	0.12311772536851116
250.1504403982064	0.12248380253784394
251.6103733125645	0.12088000851109483
252.53618442898673	0.11987809949754019
254.24537418238157	0.11805858832691768
255.8833476960517	0.11635076868476525
257.09402377137303	0.11511048572306888
258.7319972850431	0.11346153549356461
261.5806468740346	0.11067107113896416
262.435241750732	0.1098525329360677
262.64889046990635	0.10964921237799745
265.9960537369713	0.1065309198326286
266.77943237394396	0.10581890838902742
267.49159477119184	0.1051773397918879
270.05537940128414	0.10291183226186353
269.87733880197214	0.10306696186225031
274.2927456649089	0.09931327242222948
276.8921384148636	0.097191532154952
279.1710580860568	0.0953826612134431
281.44997775724994	0.09362005397789797
283.7288974284431	0.0919021998446937
286.00781709963627	0.09022764999835431
288.2867367708294	0.08859501426279819
290.56565644202254	0.08700295814868031
292.8445761132157	0.08545020008252215
295.1234957844089	0.08393550880447498
297.40241545560207	0.08245770092262512
299.6813351267952	0.0810156386127286
301.96025479798834	0.07960822745313968
304.23917446918153	0.07823441438552077
306.51809414037467	0.07689318579264863
308.7970138115678	0.07558356568533177
311.075933482761	0.07430461399105524
313.35485315395414	0.07305542493755125
315.6337728251473	0.07183512552500605
317.9126924963405	0.07064287408111115
320.19161216753366	0.06947785889356593
321.68715320175414	0.06872774147262793
322.6485724380388	0.06825143859489002
324.9631002290943	0.06712339270035418
326.49424938317725	0.06639130946327235
327.562492979049	0.06588709614389018
327.8473579379481	0.06575353654790182
329.4497233317558	0.06500921740287255
332.0491160817105	0.06382641915582432
332.903710958408	0.06344407877520396
334.0075626741422	0.0629549122438642
336.3576985850601	0.06193076289332469
340.48824048909773	0.06018607017013959
342.9808088794652	0.05916614339346264
345.25972855065834	0.05825455041413977
347.53864822185153	0.05736237893175056
349.8175678930447	0.05648910987112243
352.0964875642379	0.05563424088082708
354.37540723543106	0.05479728569256267
356.6543269066242	0.053977773509688666
358.93324657781733	0.05317524842334259
361.2121662490105	0.05238926885466109
363.49108592020366	0.051619407021718355
365.7700055913968	0.050865248429887086
368.04892526259	0.05012639138440558
370.3278449337831	0.04940244652400351
372.60676460497626	0.04869303637451648
374.88568427616946	0.047997794921478265
377.1646039473626	0.047316367200741824
379.44352361855573	0.046648408906231766
381.722443289749	0.0459935860139938
384.0013629609421	0.04535157442173765
386.28028263213525	0.04472205960313507
388.55920230332845	0.044104736276159524
390.8381219745216	0.04349930808480579
392.7609604470908	0.04299751807098204
393.2950822450267	0.042859575675325716
397.49684038878905	0.04179580974475936
399.9538006592942	0.04119091519233966
402.2327203304873	0.04064080902767898
403.0873152071848	0.04043718476861861
405.22380239892834	0.039934369359255796
407.2178571112224	0.03947298645758949
409.0694793440668	0.0390512591212892
411.34839901526	0.03854088181509488
413.6273186864532	0.038039865396062536
415.9062383576464	0.03754799394717603
418.1851580288395	0.03706505750311546
420.46407770003265	0.03659085185928244
422.7429973712258	0.0361251783878754
425.021917042419	0.03566784386071466
427.3008367136121	0.035218660278533154
429.57975638480525	0.0347774447064635
431.85867605599844	0.034344019115463205
434.1375957271916	0.033918210229433504
436.4165153983847	0.03349984937779785
438.6954350695779	0.033088772353318766
440.97435474077105	0.03268481927493944
443.2532744119642	0.032287834455448125
445.53219408315744	0.03189766627377355
447.8111137543506	0.03151416705172514
450.0900334255437	0.03113719293500311
452.3689530967369	0.030766603778311828
454.64787276793004	0.030402263034412774
456.9267924391232	0.03004403764696606
459.20571211031637	0.02969179794701445
461.4846317815095	0.029345417552968173
463.76355145270264	0.029004773273955276
466.0424711238958	0.02866974501641415
468.321390795089	0.028340215693799353
470.6003104662821	0.028016071139288525
472.87923013747525	0.02769720002137393
475.1581498086685	0.02738349376223308
477.43706947986163	0.027074846458775642
479.7159891510548	0.026771154806264734
481.99490882224796	0.02647231802442268
484.27382849344116	0.026178237785925
486.55274816463435	0.025888818147199764
488.8316678358275	0.025603965481445903
491.1105875070206	0.02532358841379354
493.3895071782138	0.02504759775852463
495.66842684940696	0.024775906458284754
497.9473465206001	0.024508429525212882
500.2262661917933	0.02424508398392179
502.5051858629864	0.023985788816261983
504.78410553417956	0.023730464907810323
507.0630252053727	0.023479034996018562
509.3419448765659	0.02323142361996643
511.620864547759	0.022987557071664187
513.8997842189522	0.022747363348848276
516.1787038901454	0.02251077210922127
518.4576235613386	0.022277714626085732
520.7365432325317	0.022048123745324315
523.0154629037248	0.021821933843679413
525.294382574918	0.021599080788290724
527.5733022461112	0.0213795018974457
529.8522219173043	0.02116313590250381
532.1311415884975	0.020949922910954582
534.4100612596907	0.020739804370571262
536.6889809308838	0.020532723034625396
538.967900602077	0.020328622928124533
541.2468202732701	0.020127449315042213
543.5257399444632	0.019929148666505313
545.8046596156565	0.01973366862990862
548.0835792868496	0.019540957998926425
550.3624989580428	0.019350966684391315
552.641418629236	0.01916364568601257
554.9203383004291	0.0189789470649074
557.1992579716223	0.018796823916917848
559.4781776428154	0.018617230346689807
561.7570973140085	0.01844012144248806
564.0360169852017	0.018265453251724947
566.3149366563948	0.01809318275718082
568.5938563446799	0.017923267852626452
589.1041333854183	0.016493511711991107
631.2641473024918	0.01403456312660252
680.2609202331447	0.011800602583562358
737.2339120129736	0.0098083430578709
807.8804218199616	0.00796540049639915
899.037208667688	0.00626668104982569
1016.4015717341357	0.004780511025624303
1177.0654085532535	0.003480887334552386